lab_ini   lab_fin    v       j      vp      jp
  1          1          0      0      0      0     0.0000000E+00
  1          2          0      0      0      1     0.2675422E+13
  1          3          0      0      0      2     0.8005429E+13
  1          4          0      0      0      3     0.1595877E+14
  1          5          0      0      0      4     0.2647709E+14
  1          6          0      0      0      5     0.3949164E+14
  1          7          0      0      0      6     0.5492116E+14
  1          8          0      0      0      7     0.7266771E+14
  1          9          0      0      0      8     0.9262085E+14
  1         10          0      0      0      9     0.1146702E+15
  2          1          0      1      0      0     0.2675422E+13
  2          2          0      1      0      1     0.0000000E+00
  2          3          0      1      0      2     0.5330007E+13
  2          4          0      1      0      3     0.1328334E+14
  2          5          0      1      0      4     0.2380167E+14
  2          6          0      1      0      5     0.3681622E+14
  2          7          0      1      0      6     0.5224574E+14
  2          8          0      1      0      7     0.6999228E+14
  2          9          0      1      0      8     0.8994543E+14
  2         10          0      1      0      9     0.1119947E+15
  3          1          0      2      0      0     0.8005429E+13
  3          2          0      2      0      1     0.5330007E+13
  3          3          0      2      0      2     0.0000000E+00
  3          4          0      2      0      3     0.7953337E+13
  3          5          0      2      0      4     0.1847166E+14
  3          6          0      2      0      5     0.3148621E+14
  3          7          0      2      0      6     0.4691573E+14
  3          8          0      2      0      7     0.6466228E+14
  3          9          0      2      0      8     0.8461542E+14
  3         10          0      2      0      9     0.1066647E+15
  4          1          0      3      0      0     0.1595877E+14
  4          2          0      3      0      1     0.1328334E+14
  4          3          0      3      0      2     0.7953337E+13
  4          4          0      3      0      3     0.0000000E+00
  4          5          0      3      0      4     0.1051832E+14
  4          6          0      3      0      5     0.2353288E+14
  4          7          0      3      0      6     0.3896239E+14
  4          8          0      3      0      7     0.5670894E+14
  4          9          0      3      0      8     0.7666208E+14
  4         10          0      3      0      9     0.9871139E+14
  5          1          0      4      0      0     0.2647709E+14
  5          2          0      4      0      1     0.2380167E+14
  5          3          0      4      0      2     0.1847166E+14
  5          4          0      4      0      3     0.1051832E+14
  5          5          0      4      0      4     0.0000000E+00
  5          6          0      4      0      5     0.1301455E+14
  5          7          0      4      0      6     0.2844407E+14
  5          8          0      4      0      7     0.4619061E+14
  5          9          0      4      0      8     0.6614376E+14
  5         10          0      4      0      9     0.8819307E+14
  6          1          0      5      0      0     0.3949164E+14
  6          2          0      5      0      1     0.3681622E+14
  6          3          0      5      0      2     0.3148621E+14
  6          4          0      5      0      3     0.2353288E+14
  6          5          0      5      0      4     0.1301455E+14
  6          6          0      5      0      5     0.0000000E+00
  6          7          0      5      0      6     0.1542952E+14
  6          8          0      5      0      7     0.3317606E+14
  6          9          0      5      0      8     0.5312921E+14
  6         10          0      5      0      9     0.7517852E+14
  7          1          0      6      0      0     0.5492116E+14
  7          2          0      6      0      1     0.5224574E+14
  7          3          0      6      0      2     0.4691573E+14
  7          4          0      6      0      3     0.3896239E+14
  7          5          0      6      0      4     0.2844407E+14
  7          6          0      6      0      5     0.1542952E+14
  7          7          0      6      0      6     0.0000000E+00
  7          8          0      6      0      7     0.1774655E+14
  7          9          0      6      0      8     0.3769969E+14
  7         10          0      6      0      9     0.5974900E+14
  8          1          0      7      0      0     0.7266771E+14
  8          2          0      7      0      1     0.6999228E+14
  8          3          0      7      0      2     0.6466228E+14
  8          4          0      7      0      3     0.5670894E+14
  8          5          0      7      0      4     0.4619061E+14
  8          6          0      7      0      5     0.3317606E+14
  8          7          0      7      0      6     0.1774655E+14
  8          8          0      7      0      7     0.0000000E+00
  8          9          0      7      0      8     0.1995315E+14
  8         10          0      7      0      9     0.4200245E+14
  9          1          0      8      0      0     0.9262085E+14
  9          2          0      8      0      1     0.8994543E+14
  9          3          0      8      0      2     0.8461542E+14
  9          4          0      8      0      3     0.7666208E+14
  9          5          0      8      0      4     0.6614376E+14
  9          6          0      8      0      5     0.5312921E+14
  9          7          0      8      0      6     0.3769969E+14
  9          8          0      8      0      7     0.1995315E+14
  9          9          0      8      0      8     0.0000000E+00
  9         10          0      8      0      9     0.2204931E+14
 10          1          0      9      0      0     0.1146702E+15
 10          2          0      9      0      1     0.1119947E+15
 10          3          0      9      0      2     0.1066647E+15
 10          4          0      9      0      3     0.9871139E+14
 10          5          0      9      0      4     0.8819307E+14
 10          6          0      9      0      5     0.7517852E+14
 10          7          0      9      0      6     0.5974900E+14
 10          8          0      9      0      7     0.4200245E+14
 10          9          0      9      0      8     0.2204931E+14
 10         10          0      9      0      9     0.0000000E+00
