label  v    j
  1    0    0   0.2703400E+00
  2    0    1   0.2850400E+00
  3    0    2   0.3143000E+00
  4    0    3   0.3578600E+00
  5    0    4   0.4153400E+00
  6    0    5   0.4862200E+00
  7    0    6   0.5699200E+00
  8    0    7   0.6657600E+00
  9    0    8   0.7730000E+00
 10    1    0   0.7865300E+00
 11    1    1   0.8004900E+00
 12    1    2   0.8282900E+00
 13    1    3   0.8696700E+00
 14    0    9   0.8908500E+00
 15    1    4   0.9242500E+00
 16    1    5   0.9915500E+00
 17    0   10   0.1018490E+01
 18    1    6   0.1071000E+01
 19    0   11   0.1155090E+01
 20    1    7   0.1161950E+01
 21    1    8   0.1263670E+01
 22    2    0   0.1273500E+01
 23    2    1   0.1286750E+01
 24    0   12   0.1299800E+01
 25    2    2   0.1313110E+01
 26    2    3   0.1352360E+01
 27    1    9   0.1375420E+01
 28    2    4   0.1404110E+01
 29    0   13   0.1451780E+01
 30    2    5   0.1467900E+01
 31    1   10   0.1496400E+01
 32    2    6   0.1543190E+01
 33    0   14   0.1610210E+01
 34    1   11   0.1625810E+01
 35    2    7   0.1629340E+01
 36    2    8   0.1725650E+01
 37    3    0   0.1731860E+01
 38    3    1   0.1744400E+01
 39    1   12   0.1762830E+01
 40    3    2   0.1769360E+01
 41    0   15   0.1774300E+01
 42    3    3   0.1806500E+01
 43    2    9   0.1831410E+01
 44    3    4   0.1855460E+01
 45    1   13   0.1906660E+01
 46    3    5   0.1915800E+01
 47    0   16   0.1943260E+01
 48    2   10   0.1945850E+01
 49    3    6   0.1986980E+01
 50    1   14   0.2056510E+01
 51    2   11   0.2068180E+01
 52    3    7   0.2068390E+01
 53    0   17   0.2116370E+01
 54    3    8   0.2159360E+01
 55    2   12   0.2197630E+01
 56    1   15   0.2211600E+01
 57    3    9   0.2259190E+01
 58    0   18   0.2292910E+01
