  1    0    0
  2    0    1
  3    0    2
  4    0    3
  5    0    4
  6    0    5
  7    0    6
  8    0    7
  9    0    8
 10    1    0
 11    1    1
 12    1    2
 13    1    3
 14    0    9
 15    1    4
 16    1    5
 17    0   10
 18    1    6
 19    0   11
 20    1    7
 21    1    8
 22    2    0
 23    2    1
 24    0   12
 25    2    2
 26    2    3
 27    1    9
 28    2    4
 29    0   13
 30    2    5
 31    1   10
 32    2    6
 33    0   14
 34    1   11
 35    2    7
 36    2    8
 37    3    0
 38    3    1
 39    1   12
 40    3    2
 41    0   15
 42    3    3
 43    2    9
 44    3    4
 45    1   13
 46    3    5
 47    0   16
 48    2   10
 49    3    6
 50    1   14
 51    2   11
 52    3    7
 53    0   17
 54    3    8
 55    4    0
 56    4    1
 57    2   12
 58    4    2
 59    1   15
 60    4    3
 61    3    9
 62    4    4
 63    0   18
 64    2   13
 65    4    5
 66    3   10
 67    1   16
 68    4    6
 69    0   19
 70    2   14
 71    4    7
 72    3   11
 73    1   17
 74    5    0
 75    4    8
 76    5    1
 77    5    2
 78    3   12
 79    2   15
 80    5    3
 81    0   20
 82    4    9
 83    5    4
 84    1   18
 85    5    5
 86    3   13
 87    4   10
 88    2   16
 89    5    6
 90    0   21
 91    5    7
 92    3   14
 93    4   11
 94    1   19
 95    2   17
 96    6    0
 97    5    8
 98    6    1
 99    6    2
100    4   12
101    6    3
102    3   15
103    0   22
104    5    9
105    1   20
106    6    4
107    2   18
108    6    5
109    4   13
110    5   10
111    3   16
112    6    6
113    0   23
114    1   21
115    6    7
116    5   11
117    4   14
118    2   19
119    7    0
120    3   17
121    6    8
122    7    1
123    7    2
124    5   12
125    7    3
126    4   15
127    6    9
128    7    4
129    1   22
130    0   24
131    2   20
132    7    5
133    3   18
134    5   13
135    6   10
136    7    6
137    4   16
138    7    7
139    6   11
140    1   23
141    5   14
142    2   21
143    0   25
144    3   19
145    8    0
146    8    1
147    7    8
148    4   17
149    8    2
150    8    3
151    6   12
152    5   15
153    7    9
154    8    4
155    2   22
156    8    5
157    1   24
158    3   20
159    0   26
160    4   18
161    6   13
162    7   10
163    8    6
164    5   16
165    8    7
166    7   11
167    6   14
168    3   21
169    2   23
170    9    0
171    9    1
172    4   19
173    8    8
174    1   25
175    9    2
176    5   17
177    9    3
178    0   27
179    7   12
180    9    4
181    8    9
182    6   15
183    9    5
184    3   22
185    4   20
186    7   13
187    8   10
188    2   24
189    9    6
190    5   18
191    1   26
192    6   16
193    9    7
194    0   28
195    8   11
196    7   14
197   10    0
198   10    1
199    9    8
200   10    2
201    4   21
202    5   19
203    3   23
204   10    3
205    6   17
206    8   12
207    2   25
208   10    4
209    9    9
210    7   15
211    1   27
212   10    5
213   10    6
214    9   10
215    8   13
216    0   29
217    5   20
218    4   22
219    6   18
220    3   24
221   10    7
222    7   16
223    9   11
224   11    0
225   11    1
226    2   26
227   11    2
228    8   14
229   10    8
230   11    3
231    1   28
232   11    4
233    6   19
234    9   12
235    5   21
236   10    9
237    7   17
238    4   23
239   11    5
240    8   15
241    0   30
242    3   25
243   11    6
244   10   10
245    9   13
246    2   27
247   11    7
248   12    0
249   12    1
250    7   18
251    6   20
252   12    2
253   10   11
254    8   16
255    5   22
256   11    8
257   12    3
258    9   14
259    1   29
260    4   24
261   12    4
262   11    9
263   12    5
264   10   12
265    3   26
266   12    6
267    7   19
268    8   17
269    0   31
270    6   21
271    9   15
272   11   10
273   12    7
274   13    0
275   13    1
276   10   13
277    2   28
278    5   23
279   13    2
280   13    3
281   12    8
282   11   11
283   13    4
284    4   25
285   13    5
286    9   16
287    8   18
288   12    9
289   10   14
290    7   20
291   13    6
292    1   30
293   14    0
294   11   12
295   14    1
296   14    2
297   13    7
298   14    3
299    6   22
300    3   27
301   12   10
