-5.3999999999999993E-042  0.0000000000000000E+000  2.9418609999999999E-011  0.0000000000000000E+000  0.0000000000000000E+000  0.0000000000000000E+000  0.0000000000000000E+000  0.0000000000000000E+000  0.0000000000000000E+000  3.5736493453211920E-067
 0.0000000000000000E+000 -9.0000450000000003E-036  0.0000000000000000E+000  4.7595739999999998E-010  0.0000000000000000E+000  0.0000000000000000E+000  0.0000000000000000E+000  0.0000000000000000E+000  2.8426601571937306E-055  3.2261611699275630E-065
 0.0000000000000000E+000  0.0000000000000000E+000 -2.9418609999999999E-011  0.0000000000000000E+000  2.7536950000000002E-009  0.0000000000000000E+000  0.0000000000000000E+000  6.8835073087576555E-043  3.7378266560477634E-052  2.4681273405676515E-062
 0.0000000000000000E+000  0.0000000000000000E+000  0.0000000000000000E+000 -4.7595740000023996E-010  0.0000000000000000E+000  9.8325279999999995E-009  9.7834811438683972E-031  3.9576391040174410E-039  3.5905802095713819E-048  2.4548087467261614E-058
 0.0000000000000000E+000  0.0000000000000000E+000  0.0000000000000000E+000  0.0000000000000000E+000 -2.7537170006100057E-009  3.4887445506320927E-017  2.6422039999999999E-008  7.9231741647651289E-034  2.6847957295524168E-043  2.1623866556131537E-053
 0.0000000000000000E+000  0.0000000000000000E+000  0.0000000000000000E+000  0.0000000000000000E+000  2.1999999999999998E-014 -9.8325330349264452E-009  2.5731712991976821E-018  5.8774190000000002E-008  8.1920826124906946E-037  3.4709807770934989E-047
 0.0000000000000000E+000  0.0000000000000000E+000  0.0000000000000000E+000  2.3999999999999996E-022  6.1000000000000003E-019  5.0000000000000000E-015 -2.6422041202575771E-008  2.0804018769641187E-019  1.1415230000000001E-007  9.6350833091106638E-040
 0.0000000000000000E+000  0.0000000000000000E+000  6.2000000000000005E-029  5.5999999999999999E-027  5.5999999999999996E-024  3.9000000000000001E-020  1.2000000000000000E-015 -5.8774190290208240E-008  1.7751553957816297E-020  2.0007360000000000E-007
 0.0000000000000000E+000  9.0000000000000005E-036  5.5000000000000001E-034  8.2999999999999990E-032  3.1000000000000003E-029  1.4999999999999999E-025  2.6000000000000002E-021  2.8999999999999998E-016 -1.1415230007301775E-007  1.6569674345962462E-021
 5.3999999999999993E-042  4.5000000000000001E-041  1.5999999999999999E-039  2.4999999999999999E-037  1.0999999999999999E-034  2.7999999999999999E-031  4.0000000000000002E-027  1.9999999999999999E-022  7.3000000000000003E-017 -2.0007360000000167E-007
-5.4000000000000001E-041  0.0000000000000000E+000  2.9418609999999999E-011  0.0000000000000000E+000  0.0000000000000000E+000  0.0000000000000000E+000  0.0000000000000000E+000  0.0000000000000000E+000  0.0000000000000000E+000  3.5736493453211918E-066
 0.0000000000000000E+000 -9.0000450000000001E-035  0.0000000000000000E+000  4.7595739999999998E-010  0.0000000000000000E+000  0.0000000000000000E+000  0.0000000000000000E+000  0.0000000000000000E+000  2.8426601571937306E-054  3.2261611699275630E-064
 0.0000000000000000E+000  0.0000000000000000E+000 -2.9418609999999999E-011  0.0000000000000000E+000  2.7536950000000002E-009  0.0000000000000000E+000  0.0000000000000000E+000  6.8835073087576562E-042  3.7378266560477631E-051  2.4681273405676515E-061
 0.0000000000000000E+000  0.0000000000000000E+000  0.0000000000000000E+000 -4.7595740000240004E-010  0.0000000000000000E+000  9.8325279999999995E-009  9.7834811438683979E-030  3.9576391040174410E-038  3.5905802095713814E-047  2.4548087467261614E-057
 0.0000000000000000E+000  0.0000000000000000E+000  0.0000000000000000E+000  0.0000000000000000E+000 -2.7539150061000558E-009  3.4887445506320928E-016  2.6422040000000006E-008  7.9231741647651282E-033  2.6847957295524166E-042  2.1623866556131536E-052
 0.0000000000000000E+000  0.0000000000000000E+000  0.0000000000000000E+000  0.0000000000000000E+000  2.2000000000000000E-013 -9.8325783492644560E-009  2.5731712991976821E-017  5.8774190000000002E-008  8.1920826124906940E-036  3.4709807770934990E-046
 0.0000000000000000E+000  0.0000000000000000E+000  0.0000000000000000E+000  2.3999999999999999E-021  6.0999999999999999E-018  4.9999999999999995E-014 -2.6422052025757719E-008  2.0804018769641186E-018  1.1415230000000001E-007  9.6350833091106632E-039
 0.0000000000000000E+000  0.0000000000000000E+000  6.1999999999999998E-028  5.6000000000000002E-026  5.5999999999999994E-023  3.9000000000000000E-019  1.1999999999999999E-014 -5.8774192902082402E-008  1.7751553957816296E-019  2.0007360000000000E-007
 0.0000000000000000E+000  9.0000000000000002E-035  5.5000000000000000E-033  8.3000000000000003E-031  3.0999999999999999E-028  1.5000000000000000E-024  2.6000000000000002E-020  2.8999999999999998E-015 -1.1415230073017753E-007  1.6569674345962462E-020
 5.4000000000000001E-041  4.5000000000000001E-040  1.6000000000000001E-038  2.4999999999999997E-036  1.0999999999999999E-033  2.7999999999999995E-030  4.0000000000000002E-026  1.9999999999999998E-021  7.3000000000000003E-016 -2.0007360000001657E-007
-5.4000000000000001E-040  0.0000000000000000E+000  2.9418609999999999E-011  0.0000000000000000E+000  0.0000000000000000E+000  0.0000000000000000E+000  0.0000000000000000E+000  0.0000000000000000E+000  0.0000000000000000E+000  3.5736493453211919E-065
 0.0000000000000000E+000 -9.0000450000000009E-034  0.0000000000000000E+000  4.7595739999999998E-010  0.0000000000000000E+000  0.0000000000000000E+000  0.0000000000000000E+000  0.0000000000000000E+000  2.8426601571937304E-053  3.2261611699275626E-063
 0.0000000000000000E+000  0.0000000000000000E+000 -2.9418610000000006E-011  0.0000000000000000E+000  2.7536950000000002E-009  0.0000000000000000E+000  0.0000000000000000E+000  6.8835073087576556E-041  3.7378266560477630E-050  2.4681273405676515E-060
 0.0000000000000000E+000  0.0000000000000000E+000  0.0000000000000000E+000 -4.7595740002400052E-010  0.0000000000000000E+000  9.8325279999999995E-009  9.7834811438683973E-029  3.9576391040174410E-037  3.5905802095713815E-046  2.4548087467261613E-056
 0.0000000000000000E+000  0.0000000000000000E+000  0.0000000000000000E+000  0.0000000000000000E+000 -2.7558950610005600E-009  3.4887445506320929E-015  2.6422040000000049E-008  7.9231741647651282E-032  2.6847957295524166E-041  2.1623866556131538E-051
 0.0000000000000000E+000  0.0000000000000000E+000  0.0000000000000000E+000  0.0000000000000000E+000  2.1999999999999999E-012 -9.8330314926445656E-009  2.5731712991976824E-016  5.8774190000000002E-008  8.1920826124906942E-035  3.4709807770934987E-045
 0.0000000000000000E+000  0.0000000000000000E+000  0.0000000000000000E+000  2.3999999999999996E-020  6.1000000000000005E-017  4.9999999999999999E-013 -2.6422160257577178E-008  2.0804018769641186E-017  1.1415230000000001E-007  9.6350833091106627E-038
 0.0000000000000000E+000  0.0000000000000000E+000  6.2000000000000004E-027  5.6000000000000007E-025  5.5999999999999999E-022  3.9000000000000000E-018  1.1999999999999999E-013 -5.8774219020824015E-008  1.7751553957816296E-018  2.0007360000000000E-007
 0.0000000000000000E+000  9.0000000000000008E-034  5.5000000000000002E-032  8.3000000000000007E-030  3.1000000000000002E-027  1.5000000000000000E-023  2.6000000000000001E-019  2.8999999999999996E-014 -1.1415230730177516E-007  1.6569674345962461E-019
 5.4000000000000001E-040  4.5000000000000001E-039  1.5999999999999999E-037  2.4999999999999998E-035  1.0999999999999999E-032  2.7999999999999997E-029  4.0000000000000002E-025  1.9999999999999996E-020  7.2999999999999995E-015 -2.0007360000016570E-007
-5.4000000000000001E-039  0.0000000000000000E+000  2.9418609999999999E-011  0.0000000000000000E+000  0.0000000000000000E+000  0.0000000000000000E+000  0.0000000000000000E+000  0.0000000000000000E+000  0.0000000000000000E+000  3.5736493453211919E-064
 0.0000000000000000E+000 -9.0000450000000013E-033  0.0000000000000000E+000  4.7595739999999998E-010  0.0000000000000000E+000  0.0000000000000000E+000  0.0000000000000000E+000  0.0000000000000000E+000  2.8426601571937306E-052  3.2261611699275626E-062
 0.0000000000000000E+000  0.0000000000000000E+000 -2.9418610000000064E-011  0.0000000000000000E+000  2.7536950000000002E-009  0.0000000000000000E+000  0.0000000000000000E+000  6.8835073087576556E-040  3.7378266560477634E-049  2.4681273405676517E-059
 0.0000000000000000E+000  0.0000000000000000E+000  0.0000000000000000E+000 -4.7595740024000560E-010  0.0000000000000000E+000  9.8325279999999995E-009  9.7834811438683969E-028  3.9576391040174412E-036  3.5905802095713814E-045  2.4548087467261611E-055
 0.0000000000000000E+000  0.0000000000000000E+000  0.0000000000000000E+000  0.0000000000000000E+000 -2.7756956100056004E-009  3.4887445506320927E-014  2.6422040000000496E-008  7.9231741647651282E-031  2.6847957295524166E-040  2.1623866556131536E-050
 0.0000000000000000E+000  0.0000000000000000E+000  0.0000000000000000E+000  0.0000000000000000E+000  2.1999999999999998E-011 -9.8375629264456555E-009  2.5731712991976824E-015  5.8774190000000008E-008  8.1920826124906940E-034  3.4709807770934990E-044
 0.0000000000000000E+000  0.0000000000000000E+000  0.0000000000000000E+000  2.3999999999999997E-019  6.1000000000000005E-016  4.9999999999999997E-012 -2.6423242575771796E-008  2.0804018769641186E-016  1.1415230000000001E-007  9.6350833091106627E-037
 0.0000000000000000E+000  0.0000000000000000E+000  6.1999999999999997E-026  5.6000000000000003E-024  5.6000000000000001E-021  3.8999999999999999E-017  1.1999999999999999E-012 -5.8774480208240193E-008  1.7751553957816296E-017  2.0007360000000000E-007
 0.0000000000000000E+000  9.0000000000000012E-033  5.4999999999999996E-031  8.3000000000000001E-029  3.0999999999999998E-026  1.5000000000000000E-022  2.6000000000000000E-018  2.8999999999999998E-013 -1.1415237301775155E-007  1.6569674345962461E-018
 5.4000000000000001E-039  4.5000000000000001E-038  1.6000000000000001E-036  2.4999999999999997E-034  1.0999999999999998E-031  2.7999999999999998E-028  4.0000000000000004E-024  1.9999999999999995E-019  7.3000000000000004E-014 -2.0007360000165696E-007
-5.4000000000000001E-038  0.0000000000000000E+000  2.9418609999999999E-011  0.0000000000000000E+000  0.0000000000000000E+000  0.0000000000000000E+000  0.0000000000000000E+000  0.0000000000000000E+000  0.0000000000000000E+000  3.5736493453211920E-063
 0.0000000000000000E+000 -9.0000450000000013E-032  0.0000000000000000E+000  4.7595739999999998E-010  0.0000000000000000E+000  0.0000000000000000E+000  0.0000000000000000E+000  0.0000000000000000E+000  2.8426601571937303E-051  3.2261611699275624E-061
 0.0000000000000000E+000  0.0000000000000000E+000 -2.9418610000000620E-011  0.0000000000000000E+000  2.7536950000000002E-009  0.0000000000000000E+000  0.0000000000000000E+000  6.8835073087576553E-039  3.7378266560477629E-048  2.4681273405676516E-058
 0.0000000000000000E+000  0.0000000000000000E+000  0.0000000000000000E+000 -4.7595740240005604E-010  0.0000000000000000E+000  9.8325279999999995E-009  9.7834811438683972E-027  3.9576391040174410E-035  3.5905802095713815E-044  2.4548087467261613E-054
 0.0000000000000000E+000  0.0000000000000000E+000  0.0000000000000000E+000  0.0000000000000000E+000 -2.9737011000560007E-009  3.4887445506320928E-013  2.6422040000004979E-008  7.9231741647651282E-030  2.6847957295524167E-039  2.1623866556131537E-049
 0.0000000000000000E+000  0.0000000000000000E+000  0.0000000000000000E+000  0.0000000000000000E+000  2.1999999999999999E-010 -9.8828772644565641E-009  2.5731712991976826E-014  5.8774190000000035E-008  8.1920826124906940E-033  3.4709807770934990E-043
 0.0000000000000000E+000  0.0000000000000000E+000  0.0000000000000000E+000  2.3999999999999999E-018  6.1000000000000005E-015  4.9999999999999995E-011 -2.6434065757718013E-008  2.0804018769641186E-015  1.1415230000000001E-007  9.6350833091106620E-036
 0.0000000000000000E+000  0.0000000000000000E+000  6.1999999999999990E-025  5.6000000000000006E-023  5.5999999999999993E-020  3.8999999999999998E-016  1.1999999999999999E-011 -5.8777092082401907E-008  1.7751553957816295E-016  2.0007360000000000E-007
 0.0000000000000000E+000  9.0000000000000012E-032  5.4999999999999991E-030  8.3000000000000013E-028  3.0999999999999995E-025  1.5000000000000000E-021  2.6000000000000000E-017  2.8999999999999998E-012 -1.1415303017751555E-007  1.6569674345962462E-017
 5.4000000000000001E-038  4.5000000000000004E-037  1.5999999999999999E-035  2.4999999999999998E-033  1.0999999999999999E-030  2.7999999999999996E-027  4.0000000000000004E-023  1.9999999999999994E-018  7.3000000000000002E-013 -2.0007360001656969E-007
-5.4000000000000003E-037  0.0000000000000000E+000  2.9418609999999999E-011  0.0000000000000000E+000  0.0000000000000000E+000  0.0000000000000000E+000  0.0000000000000000E+000  0.0000000000000000E+000  0.0000000000000000E+000  3.5736493453211919E-062
 0.0000000000000000E+000 -9.0000450000000013E-031  0.0000000000000000E+000  4.7595739999999998E-010  0.0000000000000000E+000  0.0000000000000000E+000  0.0000000000000000E+000  0.0000000000000000E+000  2.8426601571937303E-050  3.2261611699275622E-060
 0.0000000000000000E+000  0.0000000000000000E+000 -2.9418610000006197E-011  0.0000000000000000E+000  2.7536950000000002E-009  0.0000000000000000E+000  0.0000000000000000E+000  6.8835073087576556E-038  3.7378266560477632E-047  2.4681273405676516E-057
 0.0000000000000000E+000  0.0000000000000000E+000  0.0000000000000000E+000 -4.7595742400055994E-010  0.0000000000000000E+000  9.8325279999999995E-009  9.7834811438683969E-026  3.9576391040174409E-034  3.5905802095713814E-043  2.4548087467261613E-053
 0.0000000000000000E+000  0.0000000000000000E+000  0.0000000000000000E+000  0.0000000000000000E+000 -4.9537560005600021E-009  3.4887445506320929E-012  2.6422040000049783E-008  7.9231741647651287E-029  2.6847957295524165E-038  2.1623866556131536E-048
 0.0000000000000000E+000  0.0000000000000000E+000  0.0000000000000000E+000  0.0000000000000000E+000  2.1999999999999998E-009 -1.0336020644565630E-008  2.5731712991976823E-013  5.8774190000000352E-008  8.1920826124906937E-032  3.4709807770934989E-042
 0.0000000000000000E+000  0.0000000000000000E+000  0.0000000000000000E+000  2.3999999999999999E-017  6.1000000000000005E-014  4.9999999999999993E-010 -2.6542297577180101E-008  2.0804018769641186E-014  1.1415230000000001E-007  9.6350833091106625E-035
 0.0000000000000000E+000  0.0000000000000000E+000  6.1999999999999993E-024  5.6000000000000008E-022  5.5999999999999991E-019  3.8999999999999995E-015  1.2000000000000000E-010 -5.8803210824019123E-008  1.7751553957816297E-015  2.0007360000000000E-007
 0.0000000000000000E+000  9.0000000000000008E-031  5.4999999999999988E-029  8.3000000000000023E-027  3.0999999999999997E-024  1.4999999999999998E-020  2.6000000000000003E-016  2.8999999999999997E-011 -1.1415960177515539E-007  1.6569674345962462E-016
 5.4000000000000003E-037  4.5000000000000002E-036  1.6000000000000000E-034  2.4999999999999997E-032  1.0999999999999998E-029  2.7999999999999995E-026  4.0000000000000002E-022  1.9999999999999992E-017  7.3000000000000000E-012 -2.0007360016569674E-007
-5.4000000000000001E-036  0.0000000000000000E+000  2.9418609999999999E-011  0.0000000000000000E+000  0.0000000000000000E+000  0.0000000000000000E+000  0.0000000000000000E+000  0.0000000000000000E+000  0.0000000000000000E+000  3.5736493453211914E-061
 0.0000000000000000E+000 -9.0000450000000009E-030  0.0000000000000000E+000  4.7595739999999998E-010  0.0000000000000000E+000  0.0000000000000000E+000  0.0000000000000000E+000  0.0000000000000000E+000  2.8426601571937304E-049  3.2261611699275622E-059
 0.0000000000000000E+000  0.0000000000000000E+000 -2.9418610000061999E-011  0.0000000000000000E+000  2.7536950000000002E-009  0.0000000000000000E+000  0.0000000000000000E+000  6.8835073087576558E-037  3.7378266560477630E-046  2.4681273405676517E-056
 0.0000000000000000E+000  0.0000000000000000E+000  0.0000000000000000E+000 -4.7595764000560013E-010  0.0000000000000000E+000  9.8325279999999995E-009  9.7834811438683974E-025  3.9576391040174406E-033  3.5905802095713817E-042  2.4548087467261612E-052
 0.0000000000000000E+000  0.0000000000000000E+000  0.0000000000000000E+000  0.0000000000000000E+000 -2.4754305005600028E-008  3.4887445506320930E-011  2.6422040000497823E-008  7.9231741647651285E-028  2.6847957295524167E-037  2.1623866556131536E-047
 0.0000000000000000E+000  0.0000000000000000E+000  0.0000000000000000E+000  0.0000000000000000E+000  2.1999999999999998E-008 -1.4867454445656318E-008  2.5731712991976820E-012  5.8774190000003483E-008  8.1920826124906940E-031  3.4709807770934988E-041
 0.0000000000000000E+000  0.0000000000000000E+000  0.0000000000000000E+000  2.3999999999999996E-016  6.1000000000000003E-013  4.9999999999999993E-009 -2.7624615771801023E-008  2.0804018769641185E-013  1.1415230000000003E-007  9.6350833091106625E-034
 0.0000000000000000E+000  0.0000000000000000E+000  6.1999999999999986E-023  5.6000000000000008E-021  5.5999999999999987E-018  3.8999999999999992E-014  1.2000000000000000E-009 -5.9064398240191174E-008  1.7751553957816295E-014  2.0007360000000000E-007
 0.0000000000000000E+000  9.0000000000000008E-030  5.4999999999999988E-028  8.3000000000000029E-026  3.0999999999999993E-023  1.5000000000000000E-019  2.6000000000000000E-015  2.8999999999999998E-010 -1.1422531775155399E-007  1.6569674345962461E-015
 5.4000000000000001E-036  4.5000000000000001E-035  1.5999999999999999E-033  2.4999999999999998E-031  1.0999999999999998E-028  2.7999999999999999E-025  4.0000000000000004E-021  1.9999999999999992E-016  7.3000000000000006E-011 -2.0007360165696744E-007
-5.4000000000000006E-035  0.0000000000000000E+000  2.9418609999999999E-011  0.0000000000000000E+000  0.0000000000000000E+000  0.0000000000000000E+000  0.0000000000000000E+000  0.0000000000000000E+000  0.0000000000000000E+000  3.5736493453211912E-060
 0.0000000000000000E+000 -9.0000449999999992E-029  0.0000000000000000E+000  4.7595739999999998E-010  0.0000000000000000E+000  0.0000000000000000E+000  0.0000000000000000E+000  0.0000000000000000E+000  2.8426601571937302E-048  3.2261611699275620E-058
 0.0000000000000000E+000  0.0000000000000000E+000 -2.9418610000620003E-011  0.0000000000000000E+000  2.7536950000000002E-009  0.0000000000000000E+000  0.0000000000000000E+000  6.8835073087576556E-036  3.7378266560477631E-045  2.4681273405676517E-055
 0.0000000000000000E+000  0.0000000000000000E+000  0.0000000000000000E+000 -4.7595980005600087E-010  0.0000000000000000E+000  9.8325279999999995E-009  9.7834811438683967E-024  3.9576391040174410E-032  3.5905802095713814E-041  2.4548087467261612E-051
 0.0000000000000000E+000  0.0000000000000000E+000  0.0000000000000000E+000  0.0000000000000000E+000 -2.2275979505600030E-007  3.4887445506320926E-010  2.6422040004978230E-008  7.9231741647651280E-027  2.6847957295524167E-036  2.1623866556131537E-046
 0.0000000000000000E+000  0.0000000000000000E+000  0.0000000000000000E+000  0.0000000000000000E+000  2.1999999999999998E-007 -6.0181792456563202E-008  2.5731712991976821E-011  5.8774190000034796E-008  8.1920826124906947E-030  3.4709807770934990E-040
 0.0000000000000000E+000  0.0000000000000000E+000  0.0000000000000000E+000  2.3999999999999996E-015  6.1000000000000003E-012  4.9999999999999991E-008 -3.8447797718010221E-008  2.0804018769641187E-012  1.1415230000000028E-007  9.6350833091106615E-033
 0.0000000000000000E+000  0.0000000000000000E+000  6.1999999999999984E-022  5.6000000000000005E-020  5.5999999999999986E-017  3.8999999999999995E-013  1.2000000000000000E-008 -6.1676272401911757E-008  1.7751553957816296E-013  2.0007360000000000E-007
 0.0000000000000000E+000  8.9999999999999996E-029  5.4999999999999981E-027  8.3000000000000022E-025  3.0999999999999992E-022  1.4999999999999999E-018  2.6000000000000003E-014  2.8999999999999995E-009 -1.1488247751553986E-007  1.6569674345962461E-014
 5.4000000000000006E-035  4.5000000000000004E-034  1.6000000000000001E-032  2.4999999999999999E-030  1.0999999999999998E-027  2.7999999999999998E-024  4.0000000000000004E-020  1.9999999999999994E-015  7.3000000000000017E-010 -2.0007361656967434E-007
-5.4000000000000012E-034  0.0000000000000000E+000  2.9418609999999999E-011  0.0000000000000000E+000  0.0000000000000000E+000  0.0000000000000000E+000  0.0000000000000000E+000  0.0000000000000000E+000  0.0000000000000000E+000  3.5736493453211912E-059
 0.0000000000000000E+000 -9.0000449999999990E-028  0.0000000000000000E+000  4.7595739999999998E-010  0.0000000000000000E+000  0.0000000000000000E+000  0.0000000000000000E+000  0.0000000000000000E+000  2.8426601571937303E-047  3.2261611699275618E-057
 0.0000000000000000E+000  0.0000000000000000E+000 -2.9418610006200060E-011  0.0000000000000000E+000  2.7536950000000002E-009  0.0000000000000000E+000  0.0000000000000000E+000  6.8835073087576562E-035  3.7378266560477629E-044  2.4681273405676514E-054
 0.0000000000000000E+000  0.0000000000000000E+000  0.0000000000000000E+000 -4.7598140056000828E-010  0.0000000000000000E+000  9.8325279999999995E-009  9.7834811438683975E-023  3.9576391040174410E-031  3.5905802095713818E-040  2.4548087467261615E-050
 0.0000000000000000E+000  0.0000000000000000E+000  0.0000000000000000E+000  0.0000000000000000E+000 -2.2028146955600035E-006  3.4887445506320928E-009  2.6422040049782306E-008  7.9231741647651280E-026  2.6847957295524164E-035  2.1623866556131537E-045
 0.0000000000000000E+000  0.0000000000000000E+000  0.0000000000000000E+000  0.0000000000000000E+000  2.2000000000000001E-006 -5.1332517256563194E-007  2.5731712991976822E-010  5.8774190000347960E-008  8.1920826124906941E-029  3.4709807770934990E-039
 0.0000000000000000E+000  0.0000000000000000E+000  0.0000000000000000E+000  2.3999999999999999E-014  6.0999999999999996E-011  4.9999999999999987E-007 -1.4667961718010215E-007  2.0804018769641187E-011  1.1415230000000276E-007  9.6350833091106618E-032
 0.0000000000000000E+000  0.0000000000000000E+000  6.1999999999999982E-021  5.6000000000000001E-019  5.5999999999999983E-016  3.8999999999999991E-012  1.1999999999999999E-007 -8.7795014019117611E-008  1.7751553957816297E-012  2.0007360000000003E-007
 0.0000000000000000E+000  8.9999999999999996E-028  5.4999999999999982E-026  8.3000000000000022E-024  3.0999999999999991E-021  1.5000000000000000E-017  2.6000000000000000E-013  2.8999999999999998E-008 -1.2145407515539855E-007  1.6569674345962462E-013
 5.4000000000000012E-034  4.4999999999999999E-033  1.6000000000000001E-031  2.4999999999999996E-029  1.0999999999999999E-026  2.7999999999999997E-023  4.0000000000000004E-019  1.9999999999999994E-014  7.3000000000000008E-009 -2.0007376569674348E-007
