# @ Trad = 3000 K nc = 1.e14 m-3
1.000000e+02 1.524547e-27
2.000000e+02 1.149857e-27
3.000000e+02 5.773637e-28
4.000000e+02 2.278669e-28
5.000000e+02 1.122522e-28
6.000000e+02 7.607704e-29
7.000000e+02 7.618394e-29
8.000000e+02 1.069121e-28
9.000000e+02 1.737381e-28
1.000000e+03 2.849766e-28
1.100000e+03 4.485438e-28
1.200000e+03 6.706880e-28
1.300000e+03 9.556943e-28
1.400000e+03 1.306032e-27
1.500000e+03 1.722666e-27
1.600000e+03 2.205394e-27
1.700000e+03 2.753124e-27
1.800000e+03 3.364100e-27
1.900000e+03 4.036048e-27
2.000000e+03 4.766290e-27
2.100000e+03 5.551814e-27
2.200000e+03 6.389329e-27
2.300000e+03 7.275307e-27
2.400000e+03 8.206030e-27
2.500000e+03 9.177630e-27
2.600000e+03 1.018613e-26
2.700000e+03 1.122750e-26
2.800000e+03 1.229770e-26
2.900000e+03 1.339270e-26
3.000000e+03 1.450858e-26
3.100000e+03 1.564150e-26
3.200000e+03 1.678778e-26
3.300000e+03 1.794393e-26
3.400000e+03 1.910663e-26
3.500000e+03 2.027278e-26
3.600000e+03 2.143951e-26
3.700000e+03 2.260418e-26
3.800000e+03 2.376436e-26
3.900000e+03 2.491788e-26
4.000000e+03 2.606276e-26
4.100000e+03 2.719726e-26
4.200000e+03 2.831983e-26
4.300000e+03 2.942912e-26
4.400000e+03 3.052397e-26
4.500000e+03 3.160337e-26
4.600000e+03 3.266649e-26
4.700000e+03 3.371261e-26
4.800000e+03 3.474119e-26
4.900000e+03 3.575176e-26
5.000000e+03 3.674399e-26