  0.000000000000000E+00  1.000000000000000E+06  1.000000000000000E+02  1.454848655225477E-37
  0.000000000000000E+00  1.000000000000000E+06  2.000000000000000E+02  1.479767012047767E-35
  0.000000000000000E+00  1.000000000000000E+06  3.000000000000000E+02  4.001777648135785E-34
  0.000000000000000E+00  1.000000000000000E+06  4.000000000000000E+02  3.806922122490878E-34
  0.000000000000000E+00  1.000000000000000E+06  5.000000000000000E+02  1.333887312147618E-33
  0.000000000000000E+00  1.000000000000000E+06  6.000000000000000E+02  2.235455752715577E-33
  0.000000000000000E+00  1.000000000000000E+06  7.000000000000000E+02  8.464849995036697E-33
  0.000000000000000E+00  1.000000000000000E+06  8.000000000000000E+02  1.680949433673549E-32
  0.000000000000000E+00  1.000000000000000E+06  9.000000000000000E+02  2.926365077192403E-32
  0.000000000000000E+00  1.000000000000000E+06  1.000000000000000E+03  4.625594907709332E-32
  0.000000000000000E+00  1.000000000000000E+06  1.100000000000000E+03  7.596978465272219E-32
  0.000000000000000E+00  1.000000000000000E+06  1.200000000000000E+03  1.019396446213182E-31
  0.000000000000000E+00  1.000000000000000E+06  1.300000000000000E+03  1.412578620146428E-31
  0.000000000000000E+00  1.000000000000000E+06  1.400000000000000E+03  1.878291450648662E-31
  0.000000000000000E+00  1.000000000000000E+06  1.500000000000000E+03  2.468078058463186E-31
  0.000000000000000E+00  1.000000000000000E+06  1.600000000000000E+03  3.107719472646178E-31
  0.000000000000000E+00  1.000000000000000E+06  1.700000000000000E+03  3.918193197079491E-31
  0.000000000000000E+00  1.000000000000000E+06  1.800000000000000E+03  4.730545271384525E-31
  0.000000000000000E+00  1.000000000000000E+06  1.900000000000000E+03  5.791930807345384E-31
  0.000000000000000E+00  1.000000000000000E+06  2.000000000000000E+03  6.530488604653927E-31
  0.000000000000000E+00  1.000000000000000E+06  2.100000000000000E+03  8.261541407688453E-31
  0.000000000000000E+00  1.000000000000000E+06  2.200000000000000E+03  9.507993569223448E-31
  0.000000000000000E+00  1.000000000000000E+06  2.300000000000000E+03  1.128200242315032E-30
  0.000000000000000E+00  1.000000000000000E+06  2.400000000000000E+03  1.343041619953321E-30
  0.000000000000000E+00  1.000000000000000E+06  2.500000000000000E+03  1.460060963624379E-30
  0.000000000000000E+00  1.000000000000000E+06  2.600000000000000E+03  1.709438729871220E-30
  0.000000000000000E+00  1.000000000000000E+06  2.700000000000000E+03  1.959650769460416E-30
  0.000000000000000E+00  1.000000000000000E+06  2.800000000000000E+03  2.135731274934731E-30
  0.000000000000000E+00  1.000000000000000E+06  2.900000000000000E+03  2.441013291195073E-30
  0.000000000000000E+00  1.000000000000000E+06  3.000000000000000E+03  2.695516853165023E-30
  0.000000000000000E+00  1.000000000000000E+06  3.100000000000000E+03  2.978258819340972E-30
  0.000000000000000E+00  1.000000000000000E+06  3.200000000000000E+03  3.407739893305871E-30
  0.000000000000000E+00  1.000000000000000E+06  3.300000000000000E+03  3.674412191884810E-30
  0.000000000000000E+00  1.000000000000000E+06  3.400000000000000E+03  4.011118772070181E-30
  0.000000000000000E+00  1.000000000000000E+06  3.500000000000000E+03  4.369806059056190E-30
  0.000000000000000E+00  1.000000000000000E+06  3.600000000000000E+03  4.758492490283432E-30
  0.000000000000000E+00  1.000000000000000E+06  3.700000000000000E+03  5.143029821081421E-30
  0.000000000000000E+00  1.000000000000000E+06  3.800000000000000E+03  5.594463446039989E-30
  0.000000000000000E+00  1.000000000000000E+06  3.900000000000000E+03  5.995067922078519E-30
  0.000000000000000E+00  1.000000000000000E+06  4.000000000000000E+03  6.434055780323940E-30
  0.000000000000000E+00  1.000000000000000E+06  4.100000000000000E+03  6.950040734869930E-30
  0.000000000000000E+00  1.000000000000000E+06  4.200000000000000E+03  7.452417767609830E-30
  0.000000000000000E+00  1.000000000000000E+06  4.300000000000000E+03  8.024361358773041E-30
  0.000000000000000E+00  1.000000000000000E+06  4.400000000000000E+03  8.443734477563031E-30
  0.000000000000000E+00  1.000000000000000E+06  4.500000000000000E+03  8.982101999724100E-30
  0.000000000000000E+00  1.000000000000000E+06  4.600000000000000E+03  9.508379159442372E-30
  0.000000000000000E+00  1.000000000000000E+06  4.700000000000000E+03  1.005094035784730E-29
  0.000000000000000E+00  1.000000000000000E+06  4.800000000000000E+03  1.064845544263454E-29
  0.000000000000000E+00  1.000000000000000E+06  4.900000000000000E+03  1.121901469855002E-29
  0.000000000000000E+00  1.000000000000000E+06  5.000000000000000E+03  1.189916744797536E-29
  0.000000000000000E+00  1.000000000000000E+06  5.100000000000000E+03  1.248732003465382E-29
  0.000000000000000E+00  1.000000000000000E+06  5.200000000000000E+03  1.304643796328310E-29
  0.000000000000000E+00  1.000000000000000E+06  5.300000000000000E+03  1.361695731200858E-29
  0.000000000000000E+00  1.000000000000000E+06  5.400000000000000E+03  1.431669476307943E-29
  0.000000000000000E+00  1.000000000000000E+06  5.500000000000000E+03  1.494439017159297E-29
  0.000000000000000E+00  1.000000000000000E+06  5.600000000000000E+03  1.561236567068699E-29
  0.000000000000000E+00  1.000000000000000E+06  5.700000000000000E+03  1.626658197918095E-29
  0.000000000000000E+00  1.000000000000000E+06  5.800000000000000E+03  1.692093153781689E-29
  0.000000000000000E+00  1.000000000000000E+06  5.900000000000000E+03  1.758282231626063E-29
  0.000000000000000E+00  1.000000000000000E+06  6.000000000000000E+03  1.811474857676843E-29
  0.000000000000000E+00  1.000000000000000E+07  1.000000000000000E+02  1.453991669526181E-36
  0.000000000000000E+00  1.000000000000000E+07  2.000000000000000E+02  1.457721686700031E-34
  0.000000000000000E+00  1.000000000000000E+07  3.000000000000000E+02  9.434333072768913E-34
  0.000000000000000E+00  1.000000000000000E+07  4.000000000000000E+02  3.824759676536657E-33
  0.000000000000000E+00  1.000000000000000E+07  5.000000000000000E+02  1.543722738474376E-32
  0.000000000000000E+00  1.000000000000000E+07  6.000000000000000E+02  3.661027138324512E-32
  0.000000000000000E+00  1.000000000000000E+07  7.000000000000000E+02  8.270992438768911E-32
  0.000000000000000E+00  1.000000000000000E+07  8.000000000000000E+02  1.602341903277359E-31
  0.000000000000000E+00  1.000000000000000E+07  9.000000000000000E+02  2.759466025581618E-31
  0.000000000000000E+00  1.000000000000000E+07  1.000000000000000E+03  4.227662987764187E-31
  0.000000000000000E+00  1.000000000000000E+07  1.100000000000000E+03  6.261642102738784E-31
  0.000000000000000E+00  1.000000000000000E+07  1.200000000000000E+03  9.197309900695368E-31
  0.000000000000000E+00  1.000000000000000E+07  1.300000000000000E+03  1.227114455119692E-30
  0.000000000000000E+00  1.000000000000000E+07  1.400000000000000E+03  1.563952805194856E-30
  0.000000000000000E+00  1.000000000000000E+07  1.500000000000000E+03  2.042246384794614E-30
  0.000000000000000E+00  1.000000000000000E+07  1.600000000000000E+03  2.590397116481679E-30
  0.000000000000000E+00  1.000000000000000E+07  1.700000000000000E+03  3.193585004769577E-30
  0.000000000000000E+00  1.000000000000000E+07  1.800000000000000E+03  4.019963108604917E-30
  0.000000000000000E+00  1.000000000000000E+07  1.900000000000000E+03  4.906626936197891E-30
  0.000000000000000E+00  1.000000000000000E+07  2.000000000000000E+03  5.960180827658963E-30
  0.000000000000000E+00  1.000000000000000E+07  2.100000000000000E+03  7.043301110883656E-30
  0.000000000000000E+00  1.000000000000000E+07  2.200000000000000E+03  8.294836077447365E-30
  0.000000000000000E+00  1.000000000000000E+07  2.300000000000000E+03  9.694579607523828E-30
  0.000000000000000E+00  1.000000000000000E+07  2.400000000000000E+03  1.123655173940463E-29
  0.000000000000000E+00  1.000000000000000E+07  2.500000000000000E+03  1.304778303375739E-29
  0.000000000000000E+00  1.000000000000000E+07  2.600000000000000E+03  1.477839452099674E-29
  0.000000000000000E+00  1.000000000000000E+07  2.700000000000000E+03  1.675639211937458E-29
  0.000000000000000E+00  1.000000000000000E+07  2.800000000000000E+03  1.906255969995391E-29
  0.000000000000000E+00  1.000000000000000E+07  2.900000000000000E+03  2.122430777834290E-29
  0.000000000000000E+00  1.000000000000000E+07  3.000000000000000E+03  2.394684468051331E-29
  0.000000000000000E+00  1.000000000000000E+07  3.100000000000000E+03  2.646528727539852E-29
  0.000000000000000E+00  1.000000000000000E+07  3.200000000000000E+03  3.274364742276631E-29
  0.000000000000000E+00  1.000000000000000E+07  3.300000000000000E+03  3.250713603835433E-29
  0.000000000000000E+00  1.000000000000000E+07  3.400000000000000E+03  3.602568669837706E-29
  0.000000000000000E+00  1.000000000000000E+07  3.500000000000000E+03  3.932331134956513E-29
  0.000000000000000E+00  1.000000000000000E+07  3.600000000000000E+03  4.304126748147270E-29
  0.000000000000000E+00  1.000000000000000E+07  3.700000000000000E+03  4.707245882265096E-29
  0.000000000000000E+00  1.000000000000000E+07  3.800000000000000E+03  5.069800252406268E-29
  0.000000000000000E+00  1.000000000000000E+07  3.900000000000000E+03  5.410503311372820E-29
  0.000000000000000E+00  1.000000000000000E+07  4.000000000000000E+03  6.087768592079290E-29
  0.000000000000000E+00  1.000000000000000E+07  4.100000000000000E+03  6.321311706222580E-29
  0.000000000000000E+00  1.000000000000000E+07  4.200000000000000E+03  6.994739776258896E-29
  0.000000000000000E+00  1.000000000000000E+07  4.300000000000000E+03  7.301140193621096E-29
  0.000000000000000E+00  1.000000000000000E+07  4.400000000000000E+03  7.466665763531591E-29
  0.000000000000000E+00  1.000000000000000E+07  4.500000000000000E+03  8.236562511148012E-29
  0.000000000000000E+00  1.000000000000000E+07  4.600000000000000E+03  8.783658963367192E-29
  0.000000000000000E+00  1.000000000000000E+07  4.700000000000000E+03  9.300256798743629E-29
  0.000000000000000E+00  1.000000000000000E+07  4.800000000000000E+03  9.835292848551100E-29
  0.000000000000000E+00  1.000000000000000E+07  4.900000000000000E+03  1.039838925337578E-28
  0.000000000000000E+00  1.000000000000000E+07  5.000000000000000E+03  1.101805109448383E-28
  0.000000000000000E+00  1.000000000000000E+07  5.100000000000000E+03  1.160128476011433E-28
  0.000000000000000E+00  1.000000000000000E+07  5.200000000000000E+03  1.219159295617470E-28
  0.000000000000000E+00  1.000000000000000E+07  5.300000000000000E+03  1.276179309600072E-28
  0.000000000000000E+00  1.000000000000000E+07  5.400000000000000E+03  1.342223380131803E-28
  0.000000000000000E+00  1.000000000000000E+07  5.500000000000000E+03  1.402723436762580E-28
  0.000000000000000E+00  1.000000000000000E+07  5.600000000000000E+03  1.464100440823913E-28
  0.000000000000000E+00  1.000000000000000E+07  5.700000000000000E+03  1.527159691679292E-28
  0.000000000000000E+00  1.000000000000000E+07  5.800000000000000E+03  1.586195881881474E-28
  0.000000000000000E+00  1.000000000000000E+07  5.900000000000000E+03  1.653682080427590E-28
  0.000000000000000E+00  1.000000000000000E+07  6.000000000000000E+03  1.717140352031118E-28
  0.000000000000000E+00  1.000000000000000E+08  1.000000000000000E+02  1.447338774180664E-35
  0.000000000000000E+00  1.000000000000000E+08  2.000000000000000E+02  1.463953002118475E-33
  0.000000000000000E+00  1.000000000000000E+08  3.000000000000000E+02  9.320666566685489E-33
  0.000000000000000E+00  1.000000000000000E+08  4.000000000000000E+02  8.584083100188031E-32
  0.000000000000000E+00  1.000000000000000E+08  5.000000000000000E+02  1.282391494271452E-31
  0.000000000000000E+00  1.000000000000000E+08  6.000000000000000E+02  6.938467760012559E-32
  0.000000000000000E+00  1.000000000000000E+08  7.000000000000000E+02  8.611883098668804E-31
  0.000000000000000E+00  1.000000000000000E+08  8.000000000000000E+02  1.215841079530712E-30
  0.000000000000000E+00  1.000000000000000E+08  9.000000000000000E+02  1.963654366506486E-30
  0.000000000000000E+00  1.000000000000000E+08  1.000000000000000E+03  3.000351491489870E-30
  0.000000000000000E+00  1.000000000000000E+08  1.100000000000000E+03  4.282448243742405E-30
  0.000000000000000E+00  1.000000000000000E+08  1.200000000000000E+03  5.966628011541333E-30
  0.000000000000000E+00  1.000000000000000E+08  1.300000000000000E+03  8.229326525193887E-30
  0.000000000000000E+00  1.000000000000000E+08  1.400000000000000E+03  1.101917414083760E-29
  0.000000000000000E+00  1.000000000000000E+08  1.500000000000000E+03  1.438721046946093E-29
  0.000000000000000E+00  1.000000000000000E+08  1.600000000000000E+03  1.874362556039019E-29
  0.000000000000000E+00  1.000000000000000E+08  1.700000000000000E+03  2.420118340399877E-29
  0.000000000000000E+00  1.000000000000000E+08  1.800000000000000E+03  2.957826707657392E-29
  0.000000000000000E+00  1.000000000000000E+08  1.900000000000000E+03  3.691318169261099E-29
  0.000000000000000E+00  1.000000000000000E+08  2.000000000000000E+03  4.523648544402103E-29
  0.000000000000000E+00  1.000000000000000E+08  2.100000000000000E+03  5.416444435365128E-29
  0.000000000000000E+00  1.000000000000000E+08  2.200000000000000E+03  6.490316565738850E-29
  0.000000000000000E+00  1.000000000000000E+08  2.300000000000000E+03  7.693837071263245E-29
  0.000000000000000E+00  1.000000000000000E+08  2.400000000000000E+03  9.030878745016682E-29
  0.000000000000000E+00  1.000000000000000E+08  2.500000000000000E+03  1.051860240407462E-28
  0.000000000000000E+00  1.000000000000000E+08  2.600000000000000E+03  1.214812284533194E-28
  0.000000000000000E+00  1.000000000000000E+08  2.700000000000000E+03  1.390205972213625E-28
  0.000000000000000E+00  1.000000000000000E+08  2.800000000000000E+03  1.578435859435945E-28
  0.000000000000000E+00  1.000000000000000E+08  2.900000000000000E+03  1.793850970424139E-28
  0.000000000000000E+00  1.000000000000000E+08  3.000000000000000E+03  2.022412995125176E-28
  0.000000000000000E+00  1.000000000000000E+08  3.100000000000000E+03  2.256256695589913E-28
  0.000000000000000E+00  1.000000000000000E+08  3.200000000000000E+03  2.521604752767479E-28
  0.000000000000000E+00  1.000000000000000E+08  3.300000000000000E+03  2.796979062579025E-28
  0.000000000000000E+00  1.000000000000000E+08  3.400000000000000E+03  3.088879480349744E-28
  0.000000000000000E+00  1.000000000000000E+08  3.500000000000000E+03  3.392655219269062E-28
  0.000000000000000E+00  1.000000000000000E+08  3.600000000000000E+03  3.717491233384325E-28
  0.000000000000000E+00  1.000000000000000E+08  3.700000000000000E+03  4.061863563644806E-28
  0.000000000000000E+00  1.000000000000000E+08  3.800000000000000E+03  4.395647534400125E-28
  0.000000000000000E+00  1.000000000000000E+08  3.900000000000000E+03  4.777246046985335E-28
  0.000000000000000E+00  1.000000000000000E+08  4.000000000000000E+03  5.178297252161652E-28
  0.000000000000000E+00  1.000000000000000E+08  4.100000000000000E+03  5.597340801363635E-28
  0.000000000000000E+00  1.000000000000000E+08  4.200000000000000E+03  6.168099592746538E-28
  0.000000000000000E+00  1.000000000000000E+08  4.300000000000000E+03  6.443114262313783E-28
  0.000000000000000E+00  1.000000000000000E+08  4.400000000000000E+03  6.893725570716612E-28
  0.000000000000000E+00  1.000000000000000E+08  4.500000000000000E+03  7.368068157961971E-28
  0.000000000000000E+00  1.000000000000000E+08  4.600000000000000E+03  7.860202913989592E-28
  0.000000000000000E+00  1.000000000000000E+08  4.700000000000000E+03  8.327563890802928E-28
  0.000000000000000E+00  1.000000000000000E+08  4.800000000000000E+03  8.833349462549156E-28
  0.000000000000000E+00  1.000000000000000E+08  4.900000000000000E+03  9.347598687476664E-28
  0.000000000000000E+00  1.000000000000000E+08  5.000000000000000E+03  9.877107220975338E-28
  0.000000000000000E+00  1.000000000000000E+08  5.100000000000000E+03  1.040876505671752E-27
  0.000000000000000E+00  1.000000000000000E+08  5.200000000000000E+03  1.094966760123309E-27
  0.000000000000000E+00  1.000000000000000E+08  5.300000000000000E+03  1.150831710609748E-27
  0.000000000000000E+00  1.000000000000000E+08  5.400000000000000E+03  1.207487143823209E-27
  0.000000000000000E+00  1.000000000000000E+08  5.500000000000000E+03  1.263445557787824E-27
  0.000000000000000E+00  1.000000000000000E+08  5.600000000000000E+03  1.319956226976201E-27
  0.000000000000000E+00  1.000000000000000E+08  5.700000000000000E+03  1.372795071029074E-27
  0.000000000000000E+00  1.000000000000000E+08  5.800000000000000E+03  1.437564768997672E-27
  0.000000000000000E+00  1.000000000000000E+08  5.900000000000000E+03  1.494252913974459E-27
  0.000000000000000E+00  1.000000000000000E+08  6.000000000000000E+03  1.552171625775742E-27
  0.000000000000000E+00  1.000000000000000E+09  1.000000000000000E+02  1.382490729936836E-34
  0.000000000000000E+00  1.000000000000000E+09  2.000000000000000E+02  1.369531712339657E-32
  0.000000000000000E+00  1.000000000000000E+09  3.000000000000000E+02  4.578052059545207E-32
  0.000000000000000E+00  1.000000000000000E+09  4.000000000000000E+02  3.034182844599548E-31
  0.000000000000000E+00  1.000000000000000E+09  5.000000000000000E+02  8.317928901059005E-31
  0.000000000000000E+00  1.000000000000000E+09  6.000000000000000E+02  1.786732872399128E-30
  0.000000000000000E+00  1.000000000000000E+09  7.000000000000000E+02  3.353416982361934E-30
  0.000000000000000E+00  1.000000000000000E+09  8.000000000000000E+02  5.870931235968022E-30
  0.000000000000000E+00  1.000000000000000E+09  9.000000000000000E+02  9.709475511374153E-30
  0.000000000000000E+00  1.000000000000000E+09  1.000000000000000E+03  1.525997287059629E-29
  0.000000000000000E+00  1.000000000000000E+09  1.100000000000000E+03  2.296205593787034E-29
  0.000000000000000E+00  1.000000000000000E+09  1.200000000000000E+03  3.341255851690666E-29
  0.000000000000000E+00  1.000000000000000E+09  1.300000000000000E+03  4.715039830844604E-29
  0.000000000000000E+00  1.000000000000000E+09  1.400000000000000E+03  6.496744735987804E-29
  0.000000000000000E+00  1.000000000000000E+09  1.500000000000000E+03  8.769431278674750E-29
  0.000000000000000E+00  1.000000000000000E+09  1.600000000000000E+03  1.163669462895992E-28
  0.000000000000000E+00  1.000000000000000E+09  1.700000000000000E+03  1.514949896914149E-28
  0.000000000000000E+00  1.000000000000000E+09  1.800000000000000E+03  1.929115989475227E-28
  0.000000000000000E+00  1.000000000000000E+09  1.900000000000000E+03  2.458994082196420E-28
  0.000000000000000E+00  1.000000000000000E+09  2.000000000000000E+03  3.052515646393340E-28
  0.000000000000000E+00  1.000000000000000E+09  2.100000000000000E+03  3.812165805014382E-28
  0.000000000000000E+00  1.000000000000000E+09  2.200000000000000E+03  4.541282810433775E-28
  0.000000000000000E+00  1.000000000000000E+09  2.300000000000000E+03  5.397866239489144E-28
  0.000000000000000E+00  1.000000000000000E+09  2.400000000000000E+03  6.535131341216130E-28
  0.000000000000000E+00  1.000000000000000E+09  2.500000000000000E+03  7.738130405563791E-28
  0.000000000000000E+00  1.000000000000000E+09  2.600000000000000E+03  8.983616847352007E-28
  0.000000000000000E+00  1.000000000000000E+09  2.700000000000000E+03  1.038845368092079E-27
  0.000000000000000E+00  1.000000000000000E+09  2.800000000000000E+03  1.197801663981794E-27
  0.000000000000000E+00  1.000000000000000E+09  2.900000000000000E+03  1.352664802065064E-27
  0.000000000000000E+00  1.000000000000000E+09  3.000000000000000E+03  1.568058908005937E-27
  0.000000000000000E+00  1.000000000000000E+09  3.100000000000000E+03  1.728994487548673E-27
  0.000000000000000E+00  1.000000000000000E+09  3.200000000000000E+03  1.789149311827739E-27
  0.000000000000000E+00  1.000000000000000E+09  3.300000000000000E+03  2.163960751119246E-27
  0.000000000000000E+00  1.000000000000000E+09  3.400000000000000E+03  2.400878457485986E-27
  0.000000000000000E+00  1.000000000000000E+09  3.500000000000000E+03  2.674846857149834E-27
  0.000000000000000E+00  1.000000000000000E+09  3.600000000000000E+03  2.831199055042829E-27
  0.000000000000000E+00  1.000000000000000E+09  3.700000000000000E+03  3.204709831485343E-27
  0.000000000000000E+00  1.000000000000000E+09  3.800000000000000E+03  3.485103916733453E-27
  0.000000000000000E+00  1.000000000000000E+09  3.900000000000000E+03  3.796855628444800E-27
  0.000000000000000E+00  1.000000000000000E+09  4.000000000000000E+03  4.130551112896716E-27
  0.000000000000000E+00  1.000000000000000E+09  4.100000000000000E+03  4.439921403624590E-27
  0.000000000000000E+00  1.000000000000000E+09  4.200000000000000E+03  4.786015604284456E-27
  0.000000000000000E+00  1.000000000000000E+09  4.300000000000000E+03  5.123328004554155E-27
  0.000000000000000E+00  1.000000000000000E+09  4.400000000000000E+03  5.485658120406765E-27
  0.000000000000000E+00  1.000000000000000E+09  4.500000000000000E+03  5.923402717241153E-27
  0.000000000000000E+00  1.000000000000000E+09  4.600000000000000E+03  6.235159782751549E-27
  0.000000000000000E+00  1.000000000000000E+09  4.700000000000000E+03  6.619770576599236E-27
  0.000000000000000E+00  1.000000000000000E+09  4.800000000000000E+03  7.002379292466724E-27
  0.000000000000000E+00  1.000000000000000E+09  4.900000000000000E+03  7.439108464945930E-27
  0.000000000000000E+00  1.000000000000000E+09  5.000000000000000E+03  7.818975126977114E-27
  0.000000000000000E+00  1.000000000000000E+09  5.100000000000000E+03  8.230725533358745E-27
  0.000000000000000E+00  1.000000000000000E+09  5.200000000000000E+03  8.650972023164690E-27
  0.000000000000000E+00  1.000000000000000E+09  5.300000000000000E+03  9.116705903266468E-27
  0.000000000000000E+00  1.000000000000000E+09  5.400000000000000E+03  9.492901700462582E-27
  0.000000000000000E+00  1.000000000000000E+09  5.500000000000000E+03  9.920135518473034E-27
  0.000000000000000E+00  1.000000000000000E+09  5.600000000000000E+03  1.036668299705798E-26
  0.000000000000000E+00  1.000000000000000E+09  5.700000000000000E+03  1.076301578817320E-26
  0.000000000000000E+00  1.000000000000000E+09  5.800000000000000E+03  1.126903019775922E-26
  0.000000000000000E+00  1.000000000000000E+09  5.900000000000000E+03  1.154808138871143E-26
  0.000000000000000E+00  1.000000000000000E+09  6.000000000000000E+03  1.188100401275638E-26
  0.000000000000000E+00  1.000000000000000E+10  1.000000000000000E+02  9.549032431476743E-34
  0.000000000000000E+00  1.000000000000000E+10  2.000000000000000E+02  8.196242466248836E-32
  0.000000000000000E+00  1.000000000000000E+10  3.000000000000000E+02  4.074185514157872E-31
  0.000000000000000E+00  1.000000000000000E+10  4.000000000000000E+02  1.131873257976792E-30
  0.000000000000000E+00  1.000000000000000E+10  5.000000000000000E+02  2.747984199687688E-30
  0.000000000000000E+00  1.000000000000000E+10  6.000000000000000E+02  6.019169846348081E-30
  0.000000000000000E+00  1.000000000000000E+10  7.000000000000000E+02  1.179273791298955E-29
  0.000000000000000E+00  1.000000000000000E+10  8.000000000000000E+02  2.090799971226151E-29
  0.000000000000000E+00  1.000000000000000E+10  9.000000000000000E+02  3.514228621816270E-29
  0.000000000000000E+00  1.000000000000000E+10  1.000000000000000E+03  5.735276159079601E-29
  0.000000000000000E+00  1.000000000000000E+10  1.100000000000000E+03  9.214133696838609E-29
  0.000000000000000E+00  1.000000000000000E+10  1.200000000000000E+03  1.417099726734842E-28
  0.000000000000000E+00  1.000000000000000E+10  1.300000000000000E+03  2.125994770490242E-28
  0.000000000000000E+00  1.000000000000000E+10  1.400000000000000E+03  3.113600828768692E-28
  0.000000000000000E+00  1.000000000000000E+10  1.500000000000000E+03  4.690907219305192E-28
  0.000000000000000E+00  1.000000000000000E+10  1.600000000000000E+03  6.066519243651635E-28
  0.000000000000000E+00  1.000000000000000E+10  1.700000000000000E+03  8.098690671239396E-28
  0.000000000000000E+00  1.000000000000000E+10  1.800000000000000E+03  1.055723772783835E-27
  0.000000000000000E+00  1.000000000000000E+10  1.900000000000000E+03  1.351521367605278E-27
  0.000000000000000E+00  1.000000000000000E+10  2.000000000000000E+03  1.689552022724060E-27
  0.000000000000000E+00  1.000000000000000E+10  2.100000000000000E+03  2.077594996299067E-27
  0.000000000000000E+00  1.000000000000000E+10  2.200000000000000E+03  2.562223370747890E-27
  0.000000000000000E+00  1.000000000000000E+10  2.300000000000000E+03  3.007992349854975E-27
  0.000000000000000E+00  1.000000000000000E+10  2.400000000000000E+03  3.552254428036651E-27
  0.000000000000000E+00  1.000000000000000E+10  2.500000000000000E+03  4.214892810537741E-27
  0.000000000000000E+00  1.000000000000000E+10  2.600000000000000E+03  4.786372148665399E-27
  0.000000000000000E+00  1.000000000000000E+10  2.700000000000000E+03  5.475212453702647E-27
  0.000000000000000E+00  1.000000000000000E+10  2.800000000000000E+03  6.199187427122180E-27
  0.000000000000000E+00  1.000000000000000E+10  2.900000000000000E+03  6.966271962519210E-27
  0.000000000000000E+00  1.000000000000000E+10  3.000000000000000E+03  7.776533885685950E-27
  0.000000000000000E+00  1.000000000000000E+10  3.100000000000000E+03  8.644973424106712E-27
  0.000000000000000E+00  1.000000000000000E+10  3.200000000000000E+03  9.549293183998801E-27
  0.000000000000000E+00  1.000000000000000E+10  3.300000000000000E+03  1.049089528798595E-26
  0.000000000000000E+00  1.000000000000000E+10  3.400000000000000E+03  1.145124209721038E-26
  0.000000000000000E+00  1.000000000000000E+10  3.500000000000000E+03  1.245094454185674E-26
  0.000000000000000E+00  1.000000000000000E+10  3.600000000000000E+03  1.347180991377266E-26
  0.000000000000000E+00  1.000000000000000E+10  3.700000000000000E+03  1.493589472489705E-26
  0.000000000000000E+00  1.000000000000000E+10  3.800000000000000E+03  1.555929340855769E-26
  0.000000000000000E+00  1.000000000000000E+10  3.900000000000000E+03  1.677890747450553E-26
  0.000000000000000E+00  1.000000000000000E+10  4.000000000000000E+03  1.788964878169597E-26
  0.000000000000000E+00  1.000000000000000E+10  4.100000000000000E+03  1.909657632425946E-26
  0.000000000000000E+00  1.000000000000000E+10  4.200000000000000E+03  2.022400985978959E-26
  0.000000000000000E+00  1.000000000000000E+10  4.300000000000000E+03  2.109277650169149E-26
  0.000000000000000E+00  1.000000000000000E+10  4.400000000000000E+03  2.257039898853787E-26
  0.000000000000000E+00  1.000000000000000E+10  4.500000000000000E+03  2.405372797890856E-26
  0.000000000000000E+00  1.000000000000000E+10  4.600000000000000E+03  2.420562446290167E-26
  0.000000000000000E+00  1.000000000000000E+10  4.700000000000000E+03  2.602779152154937E-26
  0.000000000000000E+00  1.000000000000000E+10  4.800000000000000E+03  2.743388427011426E-26
  0.000000000000000E+00  1.000000000000000E+10  4.900000000000000E+03  2.860622763944529E-26
  0.000000000000000E+00  1.000000000000000E+10  5.000000000000000E+03  3.024719058442439E-26
  0.000000000000000E+00  1.000000000000000E+10  5.100000000000000E+03  3.131076710328260E-26
  0.000000000000000E+00  1.000000000000000E+10  5.200000000000000E+03  3.241174385128889E-26
  0.000000000000000E+00  1.000000000000000E+10  5.300000000000000E+03  3.362921708030571E-26
  0.000000000000000E+00  1.000000000000000E+10  5.400000000000000E+03  3.088790949942373E-26
  0.000000000000000E+00  1.000000000000000E+10  5.500000000000000E+03  3.665503940525475E-26
  0.000000000000000E+00  1.000000000000000E+10  5.600000000000000E+03  3.549052869572822E-26
  0.000000000000000E+00  1.000000000000000E+10  5.700000000000000E+03  3.822674680816208E-26
  0.000000000000000E+00  1.000000000000000E+10  5.800000000000000E+03  3.890251079230123E-26
  0.000000000000000E+00  1.000000000000000E+10  5.900000000000000E+03  4.094958218342467E-26
  0.000000000000000E+00  1.000000000000000E+10  6.000000000000000E+03  5.482258799824602E-26
  0.000000000000000E+00  1.000000000000000E+11  1.000000000000000E+02  2.332982107109796E-33
  0.000000000000000E+00  1.000000000000000E+11  2.000000000000000E+02  1.642114836653292E-31
  0.000000000000000E+00  1.000000000000000E+11  3.000000000000000E+02  7.408025150562658E-31
  0.000000000000000E+00  1.000000000000000E+11  4.000000000000000E+02  2.249893840947661E-30
  0.000000000000000E+00  1.000000000000000E+11  5.000000000000000E+02  5.708697320026019E-30
  0.000000000000000E+00  1.000000000000000E+11  6.000000000000000E+02  1.219532660150120E-29
  0.000000000000000E+00  1.000000000000000E+11  7.000000000000000E+02  2.410193562235821E-29
  0.000000000000000E+00  1.000000000000000E+11  8.000000000000000E+02  4.681765768287270E-29
  0.000000000000000E+00  1.000000000000000E+11  9.000000000000000E+02  8.816226496233373E-29
  0.000000000000000E+00  1.000000000000000E+11  1.000000000000000E+03  1.609509903367895E-28
  0.000000000000000E+00  1.000000000000000E+11  1.100000000000000E+03  2.724892551306750E-28
  0.000000000000000E+00  1.000000000000000E+11  1.200000000000000E+03  4.344894361523985E-28
  0.000000000000000E+00  1.000000000000000E+11  1.300000000000000E+03  6.540437582575097E-28
  0.000000000000000E+00  1.000000000000000E+11  1.400000000000000E+03  9.362152005617379E-28
  0.000000000000000E+00  1.000000000000000E+11  1.500000000000000E+03  1.285179459242605E-27
  0.000000000000000E+00  1.000000000000000E+11  1.600000000000000E+03  1.693999983892349E-27
  0.000000000000000E+00  1.000000000000000E+11  1.700000000000000E+03  2.174323322858619E-27
  0.000000000000000E+00  1.000000000000000E+11  1.800000000000000E+03  2.683605447657745E-27
  0.000000000000000E+00  1.000000000000000E+11  1.900000000000000E+03  3.330918870382762E-27
  0.000000000000000E+00  1.000000000000000E+11  2.000000000000000E+03  4.004259620909625E-27
  0.000000000000000E+00  1.000000000000000E+11  2.100000000000000E+03  4.744111682623073E-27
  0.000000000000000E+00  1.000000000000000E+11  2.200000000000000E+03  5.532016170169413E-27
  0.000000000000000E+00  1.000000000000000E+11  2.300000000000000E+03  6.382367228371326E-27
  0.000000000000000E+00  1.000000000000000E+11  2.400000000000000E+03  7.272096105266091E-27
  0.000000000000000E+00  1.000000000000000E+11  2.500000000000000E+03  8.241483409757553E-27
  0.000000000000000E+00  1.000000000000000E+11  2.600000000000000E+03  9.248984899994275E-27
  0.000000000000000E+00  1.000000000000000E+11  2.700000000000000E+03  1.031157020601399E-26
  0.000000000000000E+00  1.000000000000000E+11  2.800000000000000E+03  1.139577572507083E-26
  0.000000000000000E+00  1.000000000000000E+11  2.900000000000000E+03  1.254772557691059E-26
  0.000000000000000E+00  1.000000000000000E+11  3.000000000000000E+03  1.373814715517630E-26
  0.000000000000000E+00  1.000000000000000E+11  3.100000000000000E+03  1.497593067799416E-26
  0.000000000000000E+00  1.000000000000000E+11  3.200000000000000E+03  1.627185496290165E-26
  0.000000000000000E+00  1.000000000000000E+11  3.300000000000000E+03  1.753591605469563E-26
  0.000000000000000E+00  1.000000000000000E+11  3.400000000000000E+03  1.891489022384889E-26
  0.000000000000000E+00  1.000000000000000E+11  3.500000000000000E+03  2.021972140141355E-26
  0.000000000000000E+00  1.000000000000000E+11  3.600000000000000E+03  2.173437839507343E-26
  0.000000000000000E+00  1.000000000000000E+11  3.700000000000000E+03  2.300689394581291E-26
  0.000000000000000E+00  1.000000000000000E+11  3.800000000000000E+03  2.445010036884260E-26
  0.000000000000000E+00  1.000000000000000E+11  3.900000000000000E+03  2.592372311236933E-26
  0.000000000000000E+00  1.000000000000000E+11  4.000000000000000E+03  2.747394980536795E-26
  0.000000000000000E+00  1.000000000000000E+11  4.100000000000000E+03  2.895953729591474E-26
  0.000000000000000E+00  1.000000000000000E+11  4.200000000000000E+03  3.036512490258551E-26
  0.000000000000000E+00  1.000000000000000E+11  4.300000000000000E+03  3.252020242823748E-26
  0.000000000000000E+00  1.000000000000000E+11  4.400000000000000E+03  3.330678491575301E-26
  0.000000000000000E+00  1.000000000000000E+11  4.500000000000000E+03  3.478110349923148E-26
  0.000000000000000E+00  1.000000000000000E+11  4.600000000000000E+03  3.586979947886870E-26
  0.000000000000000E+00  1.000000000000000E+11  4.700000000000000E+03  3.882362600887451E-26
  0.000000000000000E+00  1.000000000000000E+11  4.800000000000000E+03  3.952546734917324E-26
  0.000000000000000E+00  1.000000000000000E+11  4.900000000000000E+03  4.142459324098609E-26
  0.000000000000000E+00  1.000000000000000E+11  5.000000000000000E+03  4.192707390768104E-26
  0.000000000000000E+00  1.000000000000000E+11  5.100000000000000E+03  4.373744974053928E-26
  0.000000000000000E+00  1.000000000000000E+11  5.200000000000000E+03  4.640957837028160E-26
  0.000000000000000E+00  1.000000000000000E+11  5.300000000000000E+03  4.244456973391721E-26
  0.000000000000000E+00  1.000000000000000E+11  5.400000000000000E+03  4.804385539526036E-26
  0.000000000000000E+00  1.000000000000000E+11  5.500000000000000E+03  5.017749456275383E-26
  0.000000000000000E+00  1.000000000000000E+11  5.600000000000000E+03  4.307948226643135E-26
  0.000000000000000E+00  1.000000000000000E+11  5.700000000000000E+03  5.250031268466001E-26
  0.000000000000000E+00  1.000000000000000E+11  5.800000000000000E+03  5.487367078815526E-26
  0.000000000000000E+00  1.000000000000000E+11  5.900000000000000E+03  5.537183289973139E-26
  0.000000000000000E+00  1.000000000000000E+11  6.000000000000000E+03  5.653123521357409E-26
  0.000000000000000E+00  1.000000000000000E+12  1.000000000000000E+02  2.726485978356119E-33
  0.000000000000000E+00  1.000000000000000E+12  2.000000000000000E+02  1.853745607989943E-31
  0.000000000000000E+00  1.000000000000000E+12  3.000000000000000E+02  9.134788458097512E-31
  0.000000000000000E+00  1.000000000000000E+12  4.000000000000000E+02  2.882587978866437E-30
  0.000000000000000E+00  1.000000000000000E+12  5.000000000000000E+02  6.671945948156176E-30
  0.000000000000000E+00  1.000000000000000E+12  6.000000000000000E+02  1.618076486938316E-29
  0.000000000000000E+00  1.000000000000000E+12  7.000000000000000E+02  3.541225853146505E-29
  0.000000000000000E+00  1.000000000000000E+12  8.000000000000000E+02  7.352869966028390E-29
  0.000000000000000E+00  1.000000000000000E+12  9.000000000000000E+02  1.418274914081816E-28
  0.000000000000000E+00  1.000000000000000E+12  1.000000000000000E+03  2.384554627778717E-28
  0.000000000000000E+00  1.000000000000000E+12  1.100000000000000E+03  4.109935478026904E-28
  0.000000000000000E+00  1.000000000000000E+12  1.200000000000000E+03  6.277391236332982E-28
  0.000000000000000E+00  1.000000000000000E+12  1.300000000000000E+03  9.064427705061681E-28
  0.000000000000000E+00  1.000000000000000E+12  1.400000000000000E+03  1.250528558429343E-27
  0.000000000000000E+00  1.000000000000000E+12  1.500000000000000E+03  1.661867497306081E-27
  0.000000000000000E+00  1.000000000000000E+12  1.600000000000000E+03  2.139060440471409E-27
  0.000000000000000E+00  1.000000000000000E+12  1.700000000000000E+03  2.682003137095003E-27
  0.000000000000000E+00  1.000000000000000E+12  1.800000000000000E+03  3.289306771039221E-27
  0.000000000000000E+00  1.000000000000000E+12  1.900000000000000E+03  3.959536232139562E-27
  0.000000000000000E+00  1.000000000000000E+12  2.000000000000000E+03  4.690725074633233E-27
  0.000000000000000E+00  1.000000000000000E+12  2.100000000000000E+03  5.484147506676011E-27
  0.000000000000000E+00  1.000000000000000E+12  2.200000000000000E+03  6.329259422336204E-27
  0.000000000000000E+00  1.000000000000000E+12  2.300000000000000E+03  7.231683965831386E-27
  0.000000000000000E+00  1.000000000000000E+12  2.400000000000000E+03  8.191129090649873E-27
  0.000000000000000E+00  1.000000000000000E+12  2.500000000000000E+03  9.190627906091773E-27
  0.000000000000000E+00  1.000000000000000E+12  2.600000000000000E+03  1.025703170636648E-26
  0.000000000000000E+00  1.000000000000000E+12  2.700000000000000E+03  1.137795952924687E-26
  0.000000000000000E+00  1.000000000000000E+12  2.800000000000000E+03  1.255818271798630E-26
  0.000000000000000E+00  1.000000000000000E+12  2.900000000000000E+03  1.370949737649745E-26
  0.000000000000000E+00  1.000000000000000E+12  3.000000000000000E+03  1.493729493795298E-26
  0.000000000000000E+00  1.000000000000000E+12  3.100000000000000E+03  1.631505816858605E-26
  0.000000000000000E+00  1.000000000000000E+12  3.200000000000000E+03  1.752280381336515E-26
  0.000000000000000E+00  1.000000000000000E+12  3.300000000000000E+03  1.886576098600559E-26
  0.000000000000000E+00  1.000000000000000E+12  3.400000000000000E+03  2.024048361706611E-26
  0.000000000000000E+00  1.000000000000000E+12  3.500000000000000E+03  2.171405685187029E-26
  0.000000000000000E+00  1.000000000000000E+12  3.600000000000000E+03  2.314081681825191E-26
  0.000000000000000E+00  1.000000000000000E+12  3.700000000000000E+03  2.455675149430325E-26
  0.000000000000000E+00  1.000000000000000E+12  3.800000000000000E+03  2.616857660983856E-26
  0.000000000000000E+00  1.000000000000000E+12  3.900000000000000E+03  2.764220975672312E-26
  0.000000000000000E+00  1.000000000000000E+12  4.000000000000000E+03  2.931848076726723E-26
  0.000000000000000E+00  1.000000000000000E+12  4.100000000000000E+03  2.924057066283311E-26
  0.000000000000000E+00  1.000000000000000E+12  4.200000000000000E+03  3.233481207924623E-26
  0.000000000000000E+00  1.000000000000000E+12  4.300000000000000E+03  3.405774025892078E-26
  0.000000000000000E+00  1.000000000000000E+12  4.400000000000000E+03  3.537688717046835E-26
  0.000000000000000E+00  1.000000000000000E+12  4.500000000000000E+03  2.309264461799141E-26
  0.000000000000000E+00  1.000000000000000E+12  4.600000000000000E+03  3.856404870217035E-26
  0.000000000000000E+00  1.000000000000000E+12  4.700000000000000E+03  4.016714039433052E-26
  0.000000000000000E+00  1.000000000000000E+12  4.800000000000000E+03  4.230657193433755E-26
  0.000000000000000E+00  1.000000000000000E+12  4.900000000000000E+03  4.448234949332115E-26
  0.000000000000000E+00  1.000000000000000E+12  5.000000000000000E+03  4.449479439194966E-26
  0.000000000000000E+00  1.000000000000000E+12  5.100000000000000E+03  4.587526179467698E-26
  0.000000000000000E+00  1.000000000000000E+12  5.200000000000000E+03  4.748884273171954E-26
  0.000000000000000E+00  1.000000000000000E+12  5.300000000000000E+03  5.078311474184802E-26
  0.000000000000000E+00  1.000000000000000E+12  5.400000000000000E+03  5.182312492899211E-26
  0.000000000000000E+00  1.000000000000000E+12  5.500000000000000E+03  5.301164345655628E-26
  0.000000000000000E+00  1.000000000000000E+12  5.600000000000000E+03  6.338279307379409E-26
  0.000000000000000E+00  1.000000000000000E+12  5.700000000000000E+03  5.488132324362784E-26
  0.000000000000000E+00  1.000000000000000E+12  5.800000000000000E+03  5.957620891337242E-26
  0.000000000000000E+00  1.000000000000000E+12  5.900000000000000E+03  7.249445377246735E-26
  0.000000000000000E+00  1.000000000000000E+12  6.000000000000000E+03  5.825449680490937E-26
  0.000000000000000E+00  1.000000000000000E+13  1.000000000000000E+02  9.307511326370493E-33
  0.000000000000000E+00  1.000000000000000E+13  2.000000000000000E+02  1.890612435820085E-31
  0.000000000000000E+00  1.000000000000000E+13  3.000000000000000E+02  9.498116237883640E-31
  0.000000000000000E+00  1.000000000000000E+13  4.000000000000000E+02  2.938955258646359E-30
  0.000000000000000E+00  1.000000000000000E+13  5.000000000000000E+02  7.614307556161520E-30
  0.000000000000000E+00  1.000000000000000E+13  6.000000000000000E+02  1.761910388659517E-29
  0.000000000000000E+00  1.000000000000000E+13  7.000000000000000E+02  3.897621065520573E-29
  0.000000000000000E+00  1.000000000000000E+13  8.000000000000000E+02  8.090852423832776E-29
  0.000000000000000E+00  1.000000000000000E+13  9.000000000000000E+02  1.541493130704608E-28
  0.000000000000000E+00  1.000000000000000E+13  1.000000000000000E+03  2.694291290329682E-28
  0.000000000000000E+00  1.000000000000000E+13  1.100000000000000E+03  4.354087170349478E-28
  0.000000000000000E+00  1.000000000000000E+13  1.200000000000000E+03  6.593071888712795E-28
  0.000000000000000E+00  1.000000000000000E+13  1.300000000000000E+03  9.455864533528418E-28
  0.000000000000000E+00  1.000000000000000E+13  1.400000000000000E+03  1.296937137827027E-27
  0.000000000000000E+00  1.000000000000000E+13  1.500000000000000E+03  1.714415786196992E-27
  0.000000000000000E+00  1.000000000000000E+13  1.600000000000000E+03  2.198229267706744E-27
  0.000000000000000E+00  1.000000000000000E+13  1.700000000000000E+03  2.747496239800926E-27
  0.000000000000000E+00  1.000000000000000E+13  1.800000000000000E+03  3.360910892449307E-27
  0.000000000000000E+00  1.000000000000000E+13  1.900000000000000E+03  4.037120558234335E-27
  0.000000000000000E+00  1.000000000000000E+13  2.000000000000000E+03  4.773980843616442E-27
  0.000000000000000E+00  1.000000000000000E+13  2.100000000000000E+03  5.569683129902218E-27
  0.000000000000000E+00  1.000000000000000E+13  2.200000000000000E+03  6.423207996624071E-27
  0.000000000000000E+00  1.000000000000000E+13  2.300000000000000E+03  7.331621271959122E-27
  0.000000000000000E+00  1.000000000000000E+13  2.400000000000000E+03  8.290896591070318E-27
  0.000000000000000E+00  1.000000000000000E+13  2.500000000000000E+03  9.305437646390465E-27
  0.000000000000000E+00  1.000000000000000E+13  2.600000000000000E+03  1.037367164982842E-26
  0.000000000000000E+00  1.000000000000000E+13  2.700000000000000E+03  1.148009628213708E-26
  0.000000000000000E+00  1.000000000000000E+13  2.800000000000000E+03  1.263744743657969E-26
  0.000000000000000E+00  1.000000000000000E+13  2.900000000000000E+03  1.380317839718254E-26
  0.000000000000000E+00  1.000000000000000E+13  3.000000000000000E+03  1.507172220382425E-26
  0.000000000000000E+00  1.000000000000000E+13  3.100000000000000E+03  1.636324598106674E-26
  0.000000000000000E+00  1.000000000000000E+13  3.200000000000000E+03  1.811298300583181E-26
  0.000000000000000E+00  1.000000000000000E+13  3.300000000000000E+03  1.873794907769414E-26
  0.000000000000000E+00  1.000000000000000E+13  3.400000000000000E+03  2.042371165916461E-26
  0.000000000000000E+00  1.000000000000000E+13  3.500000000000000E+03  2.201425590920411E-26
  0.000000000000000E+00  1.000000000000000E+13  3.600000000000000E+03  2.325336477904602E-26
  0.000000000000000E+00  1.000000000000000E+13  3.700000000000000E+03  2.519712084672334E-26
  0.000000000000000E+00  1.000000000000000E+13  3.800000000000000E+03  2.735900565210381E-26
  0.000000000000000E+00  1.000000000000000E+13  3.900000000000000E+03  2.793784720571522E-26
  0.000000000000000E+00  1.000000000000000E+13  4.000000000000000E+03  5.900206748826861E-26
  0.000000000000000E+00  1.000000000000000E+13  4.100000000000000E+03  3.097079929392706E-26
  0.000000000000000E+00  1.000000000000000E+13  4.200000000000000E+03  2.907403571415569E-26
  0.000000000000000E+00  1.000000000000000E+13  4.300000000000000E+03  3.387814175761334E-26
  0.000000000000000E+00  1.000000000000000E+13  4.400000000000000E+03  3.604438022715577E-26
  0.000000000000000E+00  1.000000000000000E+13  4.500000000000000E+03  3.708199642281692E-26
  0.000000000000000E+00  1.000000000000000E+13  4.600000000000000E+03  3.873375706168088E-26
  0.000000000000000E+00  1.000000000000000E+13  4.700000000000000E+03  4.131186722082262E-26
  0.000000000000000E+00  1.000000000000000E+13  4.800000000000000E+03  4.258277424426464E-26
  0.000000000000000E+00  1.000000000000000E+13  4.900000000000000E+03  4.386983818965457E-26
  0.000000000000000E+00  1.000000000000000E+13  5.000000000000000E+03  4.325547644622010E-26
  0.000000000000000E+00  1.000000000000000E+13  5.100000000000000E+03  4.696884135810687E-26
  0.000000000000000E+00  1.000000000000000E+13  5.200000000000000E+03  4.828449592164662E-26
  0.000000000000000E+00  1.000000000000000E+13  5.300000000000000E+03  5.181904389137510E-26
  0.000000000000000E+00  1.000000000000000E+13  5.400000000000000E+03  5.156949371470997E-26
  0.000000000000000E+00  1.000000000000000E+13  5.500000000000000E+03  5.464899138916193E-26
  0.000000000000000E+00  1.000000000000000E+13  5.600000000000000E+03  5.423084376046212E-26
  0.000000000000000E+00  1.000000000000000E+13  5.700000000000000E+03  5.493174277239750E-26
  0.000000000000000E+00  1.000000000000000E+13  5.800000000000000E+03  5.782698093721022E-26
  0.000000000000000E+00  1.000000000000000E+13  5.900000000000000E+03  5.592756912861712E-26
  0.000000000000000E+00  1.000000000000000E+13  6.000000000000000E+03  7.392323516666977E-26
  0.000000000000000E+00  1.000000000000000E+14  1.000000000000000E+02 -8.251924763657342E-32
  0.000000000000000E+00  1.000000000000000E+14  2.000000000000000E+02  1.895600434470771E-31
  0.000000000000000E+00  1.000000000000000E+14  3.000000000000000E+02  9.541138273654526E-31
  0.000000000000000E+00  1.000000000000000E+14  4.000000000000000E+02  3.016313106531142E-30
  0.000000000000000E+00  1.000000000000000E+14  5.000000000000000E+02  7.764465594951381E-30
  0.000000000000000E+00  1.000000000000000E+14  6.000000000000000E+02  1.785835961060002E-29
  0.000000000000000E+00  1.000000000000000E+14  7.000000000000000E+02  3.953770098341086E-29
  0.000000000000000E+00  1.000000000000000E+14  8.000000000000000E+02  8.178948288344683E-29
  0.000000000000000E+00  1.000000000000000E+14  9.000000000000000E+02  1.555739012061838E-28
  0.000000000000000E+00  1.000000000000000E+14  1.000000000000000E+03  2.713769533502350E-28
  0.000000000000000E+00  1.000000000000000E+14  1.100000000000000E+03  4.381818895195353E-28
  0.000000000000000E+00  1.000000000000000E+14  1.200000000000000E+03  6.627576696298849E-28
  0.000000000000000E+00  1.000000000000000E+14  1.300000000000000E+03  9.497179780924150E-28
  0.000000000000000E+00  1.000000000000000E+14  1.400000000000000E+03  1.301711139569087E-27
  0.000000000000000E+00  1.000000000000000E+14  1.500000000000000E+03  1.719916376809346E-27
  0.000000000000000E+00  1.000000000000000E+14  1.600000000000000E+03  2.204352989681512E-27
  0.000000000000000E+00  1.000000000000000E+14  1.700000000000000E+03  2.754256624622463E-27
  0.000000000000000E+00  1.000000000000000E+14  1.800000000000000E+03  3.368341904404554E-27
  0.000000000000000E+00  1.000000000000000E+14  1.900000000000000E+03  4.045028420768196E-27
  0.000000000000000E+00  1.000000000000000E+14  2.000000000000000E+03  4.782644088205898E-27
  0.000000000000000E+00  1.000000000000000E+14  2.100000000000000E+03  5.578995444411086E-27
  0.000000000000000E+00  1.000000000000000E+14  2.200000000000000E+03  6.433499756933852E-27
  0.000000000000000E+00  1.000000000000000E+14  2.300000000000000E+03  7.341493028844646E-27
  0.000000000000000E+00  1.000000000000000E+14  2.400000000000000E+03  8.304417662584329E-27
  0.000000000000000E+00  1.000000000000000E+14  2.500000000000000E+03  9.315583673029393E-27
  0.000000000000000E+00  1.000000000000000E+14  2.600000000000000E+03  1.038174338270729E-26
  0.000000000000000E+00  1.000000000000000E+14  2.700000000000000E+03  1.148405916317100E-26
  0.000000000000000E+00  1.000000000000000E+14  2.800000000000000E+03  1.266244424776366E-26
  0.000000000000000E+00  1.000000000000000E+14  2.900000000000000E+03  1.384585013477595E-26
  0.000000000000000E+00  1.000000000000000E+14  3.000000000000000E+03  1.509601609102820E-26
  0.000000000000000E+00  1.000000000000000E+14  3.100000000000000E+03  1.633986442864399E-26
  0.000000000000000E+00  1.000000000000000E+14  3.200000000000000E+03  1.784154194838136E-26
  0.000000000000000E+00  1.000000000000000E+14  3.300000000000000E+03  1.904903934825195E-26
  0.000000000000000E+00  1.000000000000000E+14  3.400000000000000E+03  2.048130199393386E-26
  0.000000000000000E+00  1.000000000000000E+14  3.500000000000000E+03  2.186823976841571E-26
  0.000000000000000E+00  1.000000000000000E+14  3.600000000000000E+03  2.334472864529371E-26
  0.000000000000000E+00  1.000000000000000E+14  3.700000000000000E+03  2.459510049995926E-26
  0.000000000000000E+00  1.000000000000000E+14  3.800000000000000E+03  2.618582113333017E-26
  0.000000000000000E+00  1.000000000000000E+14  3.900000000000000E+03  2.783189599639081E-26
  0.000000000000000E+00  1.000000000000000E+14  4.000000000000000E+03  2.926067086563443E-26
  0.000000000000000E+00  1.000000000000000E+14  4.100000000000000E+03  3.094342322681846E-26
  0.000000000000000E+00  1.000000000000000E+14  4.200000000000000E+03  3.193245213660149E-26
  0.000000000000000E+00  1.000000000000000E+14  4.300000000000000E+03  3.400342242478788E-26
  0.000000000000000E+00  1.000000000000000E+14  4.400000000000000E+03  3.579807738751119E-26
  0.000000000000000E+00  1.000000000000000E+14  4.500000000000000E+03  3.719853138328741E-26
  0.000000000000000E+00  1.000000000000000E+14  4.600000000000000E+03  3.863801580359736E-26
  0.000000000000000E+00  1.000000000000000E+14  4.700000000000000E+03  3.969402027832961E-26
  0.000000000000000E+00  1.000000000000000E+14  4.800000000000000E+03  4.410983997150656E-26
  0.000000000000000E+00  1.000000000000000E+14  4.900000000000000E+03  4.528928447549121E-26
  0.000000000000000E+00  1.000000000000000E+14  5.000000000000000E+03  4.496601468612176E-26
  0.000000000000000E+00  1.000000000000000E+14  5.100000000000000E+03  4.695872160723416E-26
  0.000000000000000E+00  1.000000000000000E+14  5.200000000000000E+03  4.896201676178173E-26
  0.000000000000000E+00  1.000000000000000E+14  5.300000000000000E+03  5.090357972721882E-26
  0.000000000000000E+00  1.000000000000000E+14  5.400000000000000E+03  5.292392810485218E-26
  0.000000000000000E+00  1.000000000000000E+14  5.500000000000000E+03  5.210801390000686E-26
  0.000000000000000E+00  1.000000000000000E+14  5.600000000000000E+03  5.600661991415263E-26
  0.000000000000000E+00  1.000000000000000E+14  5.700000000000000E+03  3.154550940187490E-26
  0.000000000000000E+00  1.000000000000000E+14  5.800000000000000E+03  5.678623739850951E-26
  0.000000000000000E+00  1.000000000000000E+14  5.900000000000000E+03  1.439727268624554E-25
  0.000000000000000E+00  1.000000000000000E+14  6.000000000000000E+03  6.193160689182567E-26
