  1    0    0
  2    0    1
  3    0    2
  4    0    3
  5    0    4
  6    0    5
  7    0    6
  8    0    7
  9    0    8
 10    0    9
 11    0   10
 12    0   11
 13    0   12
 14    0   13
 15    0   14
 16    0   15
 17    0   16
 18    0   17
 19    0   18
 20    0   19
 21    0   20
 22    0   21
 23    0   22
 24    0   23
 25    0   24
 26    0   25
 27    0   26
 28    0   27
 29    0   28
 30    0   29
 31    0   30
 32    0   31
 33    1    0
 34    1    1
 35    1    2
 36    1    3
 37    1    4
 38    1    5
 39    1    6
 40    1    7
 41    1    8
 42    1    9
 43    1   10
 44    1   11
 45    1   12
 46    1   13
 47    1   14
 48    1   15
 49    1   16
 50    1   17
 51    1   18
 52    1   19
 53    1   20
 54    1   21
 55    1   22
 56    1   23
 57    1   24
 58    1   25
 59    1   26
 60    1   27
 61    1   28
 62    1   29
 63    1   30
 64    2    0
 65    2    1
 66    2    2
 67    2    3
 68    2    4
 69    2    5
 70    2    6
 71    2    7
 72    2    8
 73    2    9
 74    2   10
 75    2   11
 76    2   12
 77    2   13
 78    2   14
 79    2   15
 80    2   16
 81    2   17
 82    2   18
 83    2   19
 84    2   20
 85    2   21
 86    2   22
 87    2   23
 88    2   24
 89    2   25
 90    2   26
 91    2   27
 92    2   28
 93    3    0
 94    3    1
 95    3    2
 96    3    3
 97    3    4
 98    3    5
 99    3    6
100    3    7
101    3    8
102    3    9
103    3   10
104    3   11
105    3   12
106    3   13
107    3   14
108    3   15
109    3   16
110    3   17
111    3   18
112    3   19
113    3   20
114    3   21
115    3   22
116    3   23
117    3   24
118    3   25
119    3   26
120    3   27
121    4    0
122    4    1
123    4    2
124    4    3
125    4    4
126    4    5
127    4    6
128    4    7
129    4    8
130    4    9
131    4   10
132    4   11
133    4   12
134    4   13
135    4   14
136    4   15
137    4   16
138    4   17
139    4   18
140    4   19
141    4   20
142    4   21
143    4   22
144    4   23
145    4   24
146    4   25
147    5    0
148    5    1
149    5    2
150    5    3
151    5    4
152    5    5
153    5    6
154    5    7
155    5    8
156    5    9
157    5   10
158    5   11
159    5   12
160    5   13
161    5   14
162    5   15
163    5   16
164    5   17
165    5   18
166    5   19
167    5   20
168    5   21
169    5   22
170    5   23
171    6    0
172    6    1
173    6    2
174    6    3
175    6    4
176    6    5
177    6    6
178    6    7
179    6    8
180    6    9
181    6   10
182    6   11
183    6   12
184    6   13
185    6   14
186    6   15
187    6   16
188    6   17
189    6   18
190    6   19
191    6   20
192    6   21
193    6   22
194    7    0
195    7    1
196    7    2
197    7    3
198    7    4
199    7    5
200    7    6
201    7    7
202    7    8
203    7    9
204    7   10
205    7   11
206    7   12
207    7   13
208    7   14
209    7   15
210    7   16
211    7   17
212    7   18
213    7   19
214    7   20
215    8    0
216    8    1
217    8    2
218    8    3
219    8    4
220    8    5
221    8    6
222    8    7
223    8    8
224    8    9
225    8   10
226    8   11
227    8   12
228    8   13
229    8   14
230    8   15
231    8   16
232    8   17
233    8   18
234    9    0
235    9    1
236    9    2
237    9    3
238    9    4
239    9    5
240    9    6
241    9    7
242    9    8
243    9    9
244    9   10
245    9   11
246    9   12
247    9   13
248    9   14
249    9   15
250    9   16
251   10    0
252   10    1
253   10    2
254   10    3
255   10    4
256   10    5
257   10    6
258   10    7
259   10    8
260   10    9
261   10   10
262   10   11
263   10   12
264   10   13
265   10   14
266   11    0
267   11    1
268   11    2
269   11    3
270   11    4
271   11    5
272   11    6
273   11    7
274   11    8
275   11    9
276   11   10
277   11   11
278   11   12
279   12    0
280   12    1
281   12    2
282   12    3
283   12    4
284   12    5
285   12    6
286   12    7
287   12    8
288   12    9
289   12   10
290   13    0
291   13    1
292   13    2
293   13    3
294   13    4
295   13    5
296   13    6
297   13    7
298   14    0
299   14    1
300   14    2
301   14    3
