  1    0    0
  2    0    1
  3    0    2
  4    0    3
  5    0    4
  6    0    5
  7    0    6
  8    0    7
  9    0    8
 10    1    0
 11    1    1
 12    1    2
 13    1    3
 14    0    9
 15    1    4
 16    1    5
 17    0   10
 18    1    6
 19    0   11
 20    1    7
 21    1    8
 22    2    0
 23    2    1
 24    0   12
 25    2    2
 26    2    3
 27    1    9
 28    2    4
 29    0   13
 30    2    5
 31    1   10
 32    2    6
 33    0   14
 34    1   11
 35    2    7
 36    2    8
 37    3    0
 38    3    1
 39    1   12
 40    3    2
 41    0   15
 42    3    3
 43    2    9
 44    3    4
 45    1   13
 46    3    5
 47    0   16
 48    2   10
 49    3    6
 50    1   14
 51    2   11
 52    3    7
 53    0   17
 54    3    8
 55    2   12
 56    1   15
 57    3    9
 58    0   18
