1.60 -25.646667 -24.647573 -23.656529 -22.737124 -22.165231 -22.017576 -21.995765 -21.993325 -21.993077
1.63 -25.544460 -24.545405 -23.554747 -22.638414 -22.074557 -21.926231 -21.902523 -21.899799 -21.899522
1.66 -25.447961 -24.448951 -23.458725 -22.545791 -21.990070 -21.839246 -21.812864 -21.809756 -21.809439
1.69 -25.356725 -24.357764 -23.368019 -22.458805 -21.911034 -21.755451 -21.725561 -21.721964 -21.721595
1.72 -25.270333 -24.271427 -23.282212 -22.377019 -21.836676 -21.673734 -21.639526 -21.635340 -21.634911
1.75 -25.188392 -24.189546 -23.200910 -22.300010 -21.766204 -21.593127 -21.553903 -21.549048 -21.548549
1.78 -25.110531 -24.111750 -23.123741 -22.227365 -21.698822 -21.512893 -21.468137 -21.462552 -21.461978
1.81 -25.036403 -24.037692 -23.050357 -22.158684 -21.633768 -21.432563 -21.381983 -21.375631 -21.374977
1.84 -24.965680 -23.967044 -22.980427 -22.093575 -21.570337 -21.351952 -21.295466 -21.288326 -21.287589
1.87 -24.898057 -23.899500 -22.913641 -22.031658 -21.507921 -21.271111 -21.208795 -21.200855 -21.200034
1.90 -24.833245 -23.834772 -22.849707 -21.972567 -21.446025 -21.190259 -21.122275 -21.113520 -21.112613
1.93 -24.770975 -23.772591 -22.788350 -21.915948 -21.384288 -21.109703 -21.036218 -21.026628 -21.025631
1.96 -24.710997 -23.712703 -22.729315 -21.861463 -21.322483 -21.029757 -20.950893 -20.940434 -20.939342
1.99 -24.653075 -23.654876 -22.672361 -21.808792 -21.260503 -20.950697 -20.866494 -20.855119 -20.853927
2.02 -24.596992 -23.598890 -22.617264 -21.757634 -21.198345 -20.872725 -20.783141 -20.770792 -20.769491
2.05 -24.542546 -23.544543 -22.563817 -21.707709 -21.136082 -20.795964 -20.700888 -20.687500 -20.686082
2.08 -24.489551 -23.491649 -22.511827 -21.658762 -21.073831 -20.720469 -20.619745 -20.605245 -20.603700
2.11 -24.437836 -23.440037 -22.461118 -21.610560 -21.011735 -20.646239 -20.539693 -20.524004 -20.522322
2.14 -24.387246 -23.389550 -22.411527 -21.562899 -20.949934 -20.573239 -20.460698 -20.443738 -20.441907
2.17 -24.337638 -23.340047 -22.362905 -21.515601 -20.888558 -20.501414 -20.382721 -20.364406 -20.362413
2.20 -24.288886 -23.291399 -22.315120 -21.468513 -20.827713 -20.430704 -20.305723 -20.285963 -20.283795
2.23 -24.240876 -23.243493 -22.268052 -21.421513 -20.767479 -20.361052 -20.229667 -20.208371 -20.206013
2.26 -24.193509 -23.196229 -22.221595 -21.374506 -20.707911 -20.292405 -20.154516 -20.131590 -20.129028
2.29 -24.146699 -23.149520 -22.175656 -21.327421 -20.649043 -20.224719 -20.080238 -20.055588 -20.052805
2.32 -24.100372 -23.103293 -22.130155 -21.280216 -20.590887 -20.157954 -20.006800 -19.980331 -19.977314
2.35 -24.054468 -23.057488 -22.085027 -21.232872 -20.533444 -20.092075 -19.934167 -19.905792 -19.902527
2.38 -24.008939 -23.012055 -22.040217 -21.185391 -20.476705 -20.027049 -19.862307 -19.831944 -19.828416
2.41 -23.963749 -22.966958 -21.995684 -21.137795 -20.420655 -19.962843 -19.791188 -19.758762 -19.754960
2.44 -23.918875 -22.922173 -21.951400 -21.090124 -20.365280 -19.899424 -19.720778 -19.686225 -19.682137
2.47 -23.874302 -22.877686 -21.907346 -21.042433 -20.310566 -19.836759 -19.651050 -19.614314 -19.609930
2.50 -23.830028 -22.833494 -21.863518 -20.994786 -20.256503 -19.774814 -19.581980 -19.543012 -19.538321
2.53 -23.786058 -22.789602 -21.819919 -20.947257 -20.203084 -19.713557 -19.513550 -19.472308 -19.467298
2.56 -23.742408 -22.746026 -21.776564 -20.899925 -20.150308 -19.652958 -19.445749 -19.402194 -19.396853
2.59 -23.699101 -22.702787 -21.733477 -20.852872 -20.098177 -19.592995 -19.378575 -19.332670 -19.326978
2.62 -23.656164 -22.659915 -21.690688 -20.806179 -20.046695 -19.533655 -19.312033 -19.263744 -19.257670
2.65 -23.613633 -22.617444 -21.648236 -20.759924 -19.995869 -19.474935 -19.246138 -19.195432 -19.188918
2.68 -23.571543 -22.575410 -21.606164 -20.714182 -19.945709 -19.416846 -19.180913 -19.127755 -19.120698
2.71 -23.529934 -22.533854 -21.564515 -20.669020 -19.896225 -19.359409 -19.116392 -19.060727 -19.052954
2.74 -23.488845 -22.492814 -21.523336 -20.624498 -19.847426 -19.302661 -19.052614 -18.994341 -18.985576
2.77 -23.448314 -22.452329 -21.482671 -20.580665 -19.799324 -19.246641 -18.989621 -18.928538 -18.918379
2.80 -23.408372 -22.412431 -21.442562 -20.537559 -19.751928 -19.191394 -18.927452 -18.863174 -18.851084
2.83 -23.369046 -22.373148 -21.403041 -20.495206 -19.705248 -19.136961 -18.866125 -18.797993 -18.783310
2.86 -23.330352 -22.334495 -21.364132 -20.453617 -19.659289 -19.083371 -18.805621 -18.732598 -18.714588
2.89 -23.292293 -22.296476 -21.325845 -20.412789 -19.614052 -19.030635 -18.745861 -18.666461 -18.644402
2.92 -23.254855 -22.259079 -21.288175 -20.372699 -19.569529 -18.978736 -18.686679 -18.598960 -18.572253
2.95 -23.218005 -22.222272 -21.251093 -20.333308 -19.525697 -18.927623 -18.627805 -18.529448 -18.497733
2.98 -23.181686 -22.185996 -21.214551 -20.294550 -19.482516 -18.877202 -18.568846 -18.457360 -18.420601
3.01 -23.145809 -22.150166 -21.178469 -20.256340 -19.439924 -18.827332 -18.509304 -18.382312 -18.340832
3.04 -23.110258 -22.114666 -21.142738 -20.218563 -19.397825 -18.777820 -18.448595 -18.304178 -18.258623
3.07 -23.074876 -22.079343 -21.107217 -20.181075 -19.356092 -18.728422 -18.386109 -18.223119 -18.174371
3.10 -23.039474 -22.044007 -21.071728 -20.143703 -19.314558 -18.678848 -18.321284 -18.139549 -18.088603
3.13 -23.003822 -22.008435 -21.036062 -20.106244 -19.273016 -18.628770 -18.253688 -18.054069 -18.001915
3.16 -22.967659 -21.972367 -20.999976 -20.068468 -19.231226 -18.577838 -18.183087 -17.967367 -17.914897
3.19 -22.930695 -21.935519 -20.963205 -20.030123 -19.188914 -18.525705 -18.109488 -17.880139 -17.828090
3.22 -22.892621 -21.897587 -20.925467 -19.990944 -19.145790 -18.472053 -18.033137 -17.793021 -17.741957
3.25 -22.853128 -21.858267 -20.886479 -19.950664 -19.101559 -18.416621 -17.954481 -17.706558 -17.656874
3.28 -22.811920 -21.817270 -20.845971 -19.909029 -19.055948 -18.359233 -17.874107 -17.621192 -17.573138
3.31 -22.768741 -21.774343 -20.803708 -19.865816 -19.008721 -18.299817 -17.792671 -17.537275 -17.490983
3.34 -22.723389 -21.729293 -20.759508 -19.820852 -18.959704 -18.238420 -17.710838 -17.455082 -17.410598
3.37 -22.675744 -21.682000 -20.713259 -19.774026 -18.908807 -18.175200 -17.629235 -17.374836 -17.332146
3.40 -22.625776 -21.632438 -20.664930 -19.725303 -18.856031 -18.110421 -17.548426 -17.296724 -17.255779
3.43 -22.573556 -21.580677 -20.614583 -19.674734 -18.801475 -18.044424 -17.468905 -17.220913 -17.181643
3.46 -22.519248 -21.526882 -20.562364 -19.622448 -18.745328 -17.977606 -17.391088 -17.147560 -17.109889
3.49 -22.463104 -21.471302 -20.508499 -19.568649 -18.687858 -17.910392 -17.315327 -17.076812 -17.040665
3.52 -22.405444 -21.414253 -20.453276 -19.513602 -18.629391 -17.843206 -17.241909 -17.008807 -16.974113
3.55 -22.346630 -21.356095 -20.397026 -19.457615 -18.570287 -17.776458 -17.171070 -16.943669 -16.910366
3.58 -22.287052 -21.297212 -20.340104 -19.401020 -18.510922 -17.710521 -17.102997 -16.881505 -16.849538
3.61 -22.227098 -21.237991 -20.282871 -19.344158 -18.451661 -17.645729 -17.037832 -16.822395 -16.791714
3.64 -22.167142 -21.178802 -20.225672 -19.287358 -18.392851 -17.582368 -16.975675 -16.766392 -16.736954
3.67 -22.107530 -21.119987 -20.168831 -19.230933 -18.334801 -17.520677 -16.916591 -16.713520 -16.685283
3.70 -22.048569 -21.061853 -20.112637 -19.175162 -18.277782 -17.460847 -16.860606 -16.663770 -16.636694
3.73 -21.990524 -21.004663 -20.057341 -19.120292 -18.222017 -17.403025 -16.807716 -16.617102 -16.591150
3.76 -21.933619 -20.948638 -20.003154 -19.066533 -18.167688 -17.347319 -16.757886 -16.573451 -16.548583
3.79 -21.878032 -20.893957 -19.950248 -19.014057 -18.114934 -17.293801 -16.711056 -16.532726 -16.508905
3.82 -21.823904 -20.840759 -19.898757 -18.962999 -18.063854 -17.242511 -16.667142 -16.494820 -16.472003
3.85 -21.771338 -20.789147 -19.848782 -18.913462 -18.014513 -17.193462 -16.626044 -16.459606 -16.437754
3.88 -21.720406 -20.739190 -19.800392 -18.865518 -17.966948 -17.146643 -16.587647 -16.426950 -16.406021
3.91 -21.671151 -20.690931 -19.753632 -18.819213 -17.921168 -17.102027 -16.551826 -16.396708 -16.376662
3.94 -21.623593 -20.644390 -19.708521 -18.774570 -17.877165 -17.059569 -16.518448 -16.368736 -16.349531
3.97 -21.577730 -20.599563 -19.665061 -18.731592 -17.834911 -17.019211 -16.487376 -16.342887 -16.324483
4.00 -21.533545 -20.556433 -19.623239 -18.690264 -17.794366 -16.980885 -16.458474 -16.319017 -16.301373
4.03 -21.491007 -20.514968 -19.583028 -18.650559 -17.755481 -16.944519 -16.431604 -16.296986 -16.280064
4.06 -21.450074 -20.475124 -19.544389 -18.612439 -17.718199 -16.910031 -16.406633 -16.276660 -16.260423
4.09 -21.410694 -20.436852 -19.507279 -18.575856 -17.682458 -16.877339 -16.383430 -16.257909 -16.242321
4.12 -21.372810 -20.400091 -19.471645 -18.540757 -17.648191 -16.846356 -16.361873 -16.240614 -16.225641
4.15 -21.336358 -20.364780 -19.437432 -18.507082 -17.615331 -16.816998 -16.341841 -16.224661 -16.210270
4.18 -21.301273 -20.330854 -19.404580 -18.474768 -17.583809 -16.789178 -16.323224 -16.209942 -16.196103
4.21 -21.267485 -20.298243 -19.373027 -18.443753 -17.553559 -16.762812 -16.305916 -16.196360 -16.183044
4.24 -21.234924 -20.266879 -19.342712 -18.413969 -17.524512 -16.737818 -16.289818 -16.183824 -16.171003
4.27 -21.203520 -20.236692 -19.313570 -18.385352 -17.496602 -16.714116 -16.274838 -16.172249 -16.159897
4.30 -21.173201 -20.207614 -19.285539 -18.357835 -17.469766 -16.691629 -16.260891 -16.161557 -16.149651
