  0   j''=j'
                  14              13              12              11              10               9               8               7               6               5               4               3               2               1
    1    0   0.6094641D-13   0.1367911D-12   0.1860857D-12   0.1826816D-12   0.9029585D-13   0.8476571D-14   0.1166821D-11   0.1183674D-10   0.8235599D-10   0.5257037D-09   0.3487193D-08   0.2604539D-07   0.1939492D-06   0.4288885D-06
    1    1   0.1111921D-12   0.1603141D-12   0.4030275D-13   0.1741369D-12   0.3343471D-11   0.2342436D-10   0.1255633D-09   0.6187857D-09   0.3053071D-08   0.1606181D-07   0.9374430D-07   0.4986083D-06   0.6366630D-06
    1    2   0.5929572D-12   0.2910538D-11   0.1204756D-10   0.4707299D-10   0.1777598D-09   0.6662409D-09   0.2543723D-08   0.1017287D-07   0.4417493D-07   0.2100845D-06   0.8417861D-06   0.6867393D-06
    1    3   0.3160644D-10   0.1065344D-09   0.2932913D-09   0.8238679D-09   0.2431315D-08   0.7601179D-08   0.2552167D-07   0.9423063D-07   0.3744649D-06   0.1159874D-05   0.6322902D-06
    1    4   0.3583922D-09   0.1116446D-08   0.2754379D-08   0.6910488D-08   0.1845458D-07   0.5357206D-07   0.1719516D-06   0.5780733D-06   0.1396752D-05   0.5175872D-06
    1    5   0.2278749D-08   0.6857688D-08   0.1610124D-07   0.3846884D-07   0.9932455D-07   0.2813117D-06   0.8005924D-06   0.1505244D-05   0.3787789D-06
    1    6   0.1024868D-07   0.3044833D-07   0.7052512D-07   0.1672444D-06   0.4207158D-06   0.1003517D-05   0.1452744D-05   0.2440688D-06
    1    7   0.3726270D-07   0.1108075D-06   0.2550050D-06   0.5705850D-06   0.1122163D-05   0.1232501D-05   0.1332834D-06
    1    8   0.1127351D-06   0.3239789D-06   0.6639989D-06   0.1068481D-05   0.8796536D-06   0.5701552D-07
    1    9   0.2276849D-06   0.5615854D-06   0.7780687D-06   0.4830370D-06   0.1593472D-07
    1   10   0.1983648D-06   0.3351466D-06   0.1682349D-06   0.1538067D-08
    1   11   0.3785062D-07   0.2193898D-07   0.1399184D-09
    1   12   0.1057598D-10   0.5445309D-09
    1   13   0.7358908D-10
                  14              13              12              11              10               9               8               7               6               5               4               3               2               1
    2    0   0.3546257D-13   0.8425592D-13   0.1135268D-12   0.1062918D-12   0.4333847D-13   0.1918104D-13   0.9902644D-12   0.9124928D-11   0.6125524D-10   0.3838998D-09   0.2519157D-08   0.1868506D-07   0.1382846D-06   0.3030267D-06
    2    1   0.5096386D-13   0.6988992D-13   0.5673547D-14   0.2233402D-12   0.2887160D-11   0.1840465D-10   0.9469622D-10   0.4564171D-09   0.2221555D-08   0.1158500D-07   0.6720185D-07   0.3552055D-06   0.4491958D-06
    2    2   0.5566390D-12   0.2609455D-11   0.1000480D-10   0.3707308D-10   0.1353057D-09   0.4959405D-09   0.1865203D-08   0.7381842D-08   0.3182281D-07   0.1504930D-06   0.5990631D-06   0.4836765D-06
    2    3   0.2335065D-10   0.8186100D-10   0.2227472D-09   0.6161807D-09   0.1794114D-08   0.5549134D-08   0.1847983D-07   0.6781460D-07   0.2680344D-06   0.8243293D-06   0.4443264D-06
    2    4   0.2523093D-09   0.8257407D-09   0.2033646D-08   0.5065032D-08   0.1342532D-07   0.3872537D-07   0.1236428D-06   0.4133550D-06   0.9908899D-06   0.3626449D-06
    2    5   0.1570296D-08   0.4982433D-08   0.1172176D-07   0.2789765D-07   0.7169762D-07   0.2020916D-06   0.5716043D-06   0.1065151D-05   0.2643192D-06
    2    6   0.6981926D-08   0.2190944D-07   0.5094794D-07   0.1205263D-06   0.3017705D-06   0.7146859D-06   0.1024192D-05   0.1693380D-06
    2    7   0.2523243D-07   0.7926510D-07   0.1830540D-06   0.4078315D-06   0.7955944D-06   0.8640003D-06   0.9166985D-07
    2    8   0.7560724D-07   0.2292857D-06   0.4703737D-06   0.7511106D-06   0.6110120D-06   0.3864558D-07
    2    9   0.1488780D-06   0.3880300D-06   0.5375342D-06   0.3301615D-06   0.1048641D-07
    2   10   0.1236528D-06   0.2221993D-06   0.1113369D-06   0.9130537D-09
    2   11   0.2157066D-07   0.1330920D-07   0.1264803D-09
    2   12   0.5797838D-14   0.3757850D-09
    2   13   0.4042566D-10
                  14              13              12              11              10               9               8               7               6               5               4               3               2               1
    3    0   0.2322151D-13   0.6192104D-13   0.8200073D-13   0.7028114D-13   0.1858289D-13   0.4828366D-13   0.1160973D-11   0.9473148D-11   0.6056252D-10   0.3698756D-09   0.2389833D-08   0.1754854D-07   0.1286991D-06   0.2782219D-06
    3    1   0.2018638D-13   0.2295824D-13   0.3679816D-14   0.3923750D-12   0.3457073D-11   0.1959642D-10   0.9545024D-10   0.4460470D-09   0.2129573D-08   0.1096585D-07   0.6304553D-07   0.3301680D-06   0.4115536D-06
    3    2   0.6885045D-12   0.3246814D-11   0.1142387D-10   0.3960593D-10   0.1381382D-09   0.4910008D-09   0.1807785D-08   0.7048573D-08   0.3006890D-07   0.1410364D-06   0.5559716D-06   0.4419709D-06
    3    3   0.2194939D-10   0.8437008D-10   0.2266103D-09   0.6140595D-09   0.1754685D-08   0.5344979D-08   0.1759186D-07   0.6398654D-07   0.2508994D-06   0.7634919D-06   0.4046341D-06
    3    4   0.2222973D-09   0.8079044D-09   0.1989544D-08   0.4906171D-08   0.1286689D-07   0.3677663D-07   0.1165217D-06   0.3863435D-06   0.9152530D-06   0.3287683D-06
    3    5   0.1342725D-08   0.4753941D-08   0.1124062D-07   0.2661587D-07   0.6795315D-07   0.1901925D-06   0.5330260D-06   0.9800565D-06   0.2381601D-06
    3    6   0.5874614D-08   0.2062062D-07   0.4832186D-07   0.1139479D-06   0.2833289D-06   0.6638806D-06   0.9370457D-06   0.1512447D-06
    3    7   0.2104893D-07   0.7396574D-07   0.1719837D-06   0.3808014D-06   0.7339155D-06   0.7836366D-06   0.8078645D-07
    3    8   0.6211178D-07   0.2104145D-06   0.4330050D-06   0.6837618D-06   0.5463936D-06   0.3329675D-07
    3    9   0.1174641D-06   0.3430697D-06   0.4761541D-06   0.2879544D-06   0.8624435D-08
    3   10   0.9043628D-07   0.1842376D-06   0.9228696D-07   0.6306811D-09
    3   11   0.1363232D-07   0.9566672D-08   0.1564107D-09
    3   12   0.8664938D-11   0.3284167D-09
    3   13   0.2374233D-10
                  13              12              11              10               9               8               7               6               5               4               3               2               1
    4    0   0.4222279D-13   0.5417038D-13   0.3924525D-13   0.2709216D-14   0.1063786D-12   0.1466421D-11   0.1049820D-10   0.6336868D-10   0.3749542D-09   0.2376141D-08   0.1722656D-07   0.1248531D-06   0.2651049D-06
    4    1   0.3674820D-15   0.5269829D-13   0.6968715D-12   0.4463802D-11   0.2235817D-10   0.1022310D-09   0.4602381D-09   0.2145390D-08   0.1087293D-07   0.6180329D-07   0.3197668D-06   0.3910373D-06
    4    2   0.4309217D-11   0.1403907D-10   0.4536218D-10   0.1502377D-09   0.5147951D-09   0.1846592D-08   0.7066756D-08   0.2974896D-07   0.1380705D-06   0.5373385D-06   0.4184420D-06
    4    3   0.9213263D-10   0.2451920D-09   0.6489181D-09   0.1812683D-08   0.5418175D-08   0.1757112D-07   0.6319518D-07   0.2452494D-06   0.7359025D-06   0.3813370D-06
    4    4   0.8298952D-09   0.2053940D-08   0.5007593D-08   0.1296221D-07   0.3662527D-07   0.1149059D-06   0.3768791D-06   0.8789206D-06   0.3079598D-06
    4    5   0.4735406D-08   0.1132113D-07   0.2665745D-07   0.6750359D-07   0.1872205D-06   0.5183461D-06   0.9362260D-06   0.2212319D-06
    4    6   0.2019731D-07   0.4800582D-07   0.1128140D-06   0.2779884D-06   0.6421683D-06   0.8882342D-06   0.1388191D-06
    4    7   0.7165032D-07   0.1687172D-06   0.3707024D-06   0.7030779D-06   0.7339849D-06   0.7279640D-07
    4    8   0.1990783D-06   0.4129513D-06   0.6429588D-06   0.5018413D-06   0.2907427D-07
    4    9   0.3080466D-06   0.4306533D-06   0.2553692D-06   0.7045694D-08
    4   10   0.1511626D-06   0.7609344D-07   0.3888585D-09
    4   11   0.6349748D-08   0.2015761D-09
    4   12   0.2851602D-09
                  13              12              11              10               9               8               7               6               5               4               3               2               1
    5    0   0.2454934D-13   0.2952776D-13   0.1464755D-13   0.2180567D-14   0.2062973D-12   0.1900617D-11   0.1196875D-10   0.6790941D-10   0.3877370D-09   0.2402692D-08   0.1715901D-07   0.1225916D-06   0.2545756D-06
    5    1   0.1743169D-13   0.1846637D-12   0.1183750D-11   0.5908529D-11   0.2628426D-10   0.1124402D-09   0.4856873D-09   0.2202963D-08   0.1095979D-07   0.6146109D-07   0.3133218D-06   0.3741620D-06
    5    2   0.5743039D-11   0.1771646D-10   0.5354380D-10   0.1680659D-09   0.5532625D-09   0.1926904D-08   0.7216846D-08   0.2991208D-07   0.1370845D-06   0.5251342D-06   0.3985794D-06
    5    3   0.1021047D-09   0.2722341D-09   0.7034357D-09   0.1916253D-08   0.5605271D-08   0.1786820D-07   0.6341585D-07   0.2430449D-06   0.7167193D-06   0.3611228D-06
    5    4   0.8610871D-09   0.2165457D-08   0.5220051D-08   0.1331435D-07   0.3712079D-07   0.1151049D-06   0.3725411D-06   0.8519793D-06   0.2893815D-06
    5    5   0.4745933D-08   0.1160447D-07   0.2719160D-07   0.6821744D-07   0.1871331D-06   0.5103243D-06   0.9014388D-06   0.2056737D-06
    5    6   0.1986160D-07   0.4844051D-07   0.1135117D-06   0.2766601D-06   0.6278475D-06   0.8467213D-06   0.1270749D-06
    5    7   0.6951539D-07   0.1675531D-06   0.3650039D-06   0.6786652D-06   0.6888774D-06   0.6505826D-07
    5    8   0.1870734D-06   0.3951391D-06   0.6053745D-06   0.4590235D-06   0.2492294D-07
    5    9   0.2698857D-06   0.3844961D-06   0.2229063D-06   0.5510671D-08
    5   10   0.1173195D-06   0.6008492D-07   0.1898285D-09
    5   11   0.3612081D-08   0.2539608D-09
    5   12   0.2325237D-09
                  13              12              11              10               9               8               7               6               5               4               3               2               1
    6    0   0.1059644D-13   0.1075313D-13   0.1166265D-14   0.2516298D-13   0.3607668D-12   0.2474004D-11   0.1383344D-10   0.7370722D-10   0.4051133D-09   0.2449443D-08   0.1720079D-07   0.1208593D-06   0.2444296D-06
    6    1   0.8643600D-13   0.4305624D-12   0.1901548D-11   0.7842939D-11   0.3132565D-10   0.1254274D-09   0.5188019D-09   0.2284487D-08   0.1113522D-07   0.6149944D-07   0.3081253D-06   0.3576888D-06
    6    2   0.7418964D-11   0.2246324D-10   0.6405985D-10   0.1908346D-09   0.6027762D-09   0.2034112D-08   0.7440545D-08   0.3031028D-07   0.1369183D-06   0.5147944D-06   0.3789386D-06
    6    3   0.1117728D-09   0.3056714D-09   0.7730337D-09   0.2051739D-08   0.5863011D-08   0.1833902D-07   0.6412439D-07   0.2422193D-06   0.6996627D-06   0.3408843D-06
    6    4   0.8815070D-09   0.2303834D-08   0.5502483D-08   0.1381858D-07   0.3796454D-07   0.1161673D-06   0.3701274D-06   0.8268869D-06   0.2705687D-06
    6    5   0.4682389D-08   0.1197766D-07   0.2799491D-07   0.6954230D-07   0.1883649D-06   0.5044818D-06   0.8676152D-06   0.1897729D-06
    6    6   0.1920655D-07   0.4915442D-07   0.1150705D-06   0.2769288D-06   0.6152015D-06   0.8048286D-06   0.1150075D-06
    6    7   0.6614403D-07   0.1667054D-06   0.3601538D-06   0.6541408D-06   0.6420629D-06   0.5712151D-07
    6    8   0.1705592D-06   0.3748359D-06   0.5648122D-06   0.4139740D-06   0.2073497D-07
    6    9   0.2244402D-06   0.3340025D-06   0.1891277D-06   0.4046196D-08
    6   10   0.8309876D-07   0.4448289D-07   0.5567522D-10
    6   11   0.1593771D-08   0.3027134D-09
    6   12   0.1691103D-09
                  13              12              11              10               9               8               7               6               5               4               3               2               1
    7    0   0.2165390D-14   0.8783147D-15   0.3730658D-14   0.7941822D-13   0.5810766D-12   0.3197771D-11   0.1607394D-10   0.8054162D-10   0.4257280D-09   0.2508231D-08   0.1729625D-07   0.1192699D-06   0.2339618D-06
    7    1   0.2017559D-12   0.8137613D-12   0.2893953D-11   0.1032104D-10   0.3749819D-10   0.1409377D-09   0.5580300D-09   0.2382531D-08   0.1136296D-07   0.6172088D-07   0.3031897D-06   0.3406095D-06
    7    2   0.8903456D-11   0.2822735D-10   0.7691840D-10   0.2183054D-09   0.6618896D-09   0.2162138D-08   0.7714181D-08   0.3084696D-07   0.1371330D-06   0.5046598D-06   0.3584885D-06
    7    3   0.1160940D-09   0.3436470D-09   0.8555294D-09   0.2213484D-08   0.6173869D-08   0.1892687D-07   0.6512036D-07   0.2419904D-06   0.6824601D-06   0.3197458D-06
    7    4   0.8573486D-09   0.2453879D-08   0.5835508D-08   0.1443255D-07   0.3904189D-07   0.1177314D-06   0.3684137D-06   0.8009342D-06   0.2508935D-06
    7    5   0.4385806D-08   0.1236563D-07   0.2896963D-07   0.7126400D-07   0.1903074D-06   0.4990647D-06   0.8319039D-06   0.1731716D-06
    7    6   0.1763233D-07   0.4985470D-07   0.1170586D-06   0.2777737D-06   0.6019074D-06   0.7599659D-06   0.1024939D-06
    7    7   0.5953323D-07   0.1650140D-06   0.3543845D-06   0.6267584D-06   0.5916883D-06   0.4902253D-07
    7    8   0.1449602D-06   0.3492562D-06   0.5188135D-06   0.3659901D-06   0.1660984D-07
    7    9   0.1690918D-06   0.2786675D-06   0.1545055D-06   0.2728673D-08
    7   10   0.5052877D-07   0.3014802D-07   0.1164010D-11
    7   11   0.4302148D-09   0.3332862D-09
    7   12   0.1005094D-09
                  12              11              10               9               8               7               6               5               4               3               2               1
    8    0   0.2338016D-14   0.2658397D-13   0.1715670D-12   0.8763380D-12   0.4080253D-11   0.1867647D-10   0.8826987D-10   0.4487621D-09   0.2574608D-08   0.1741771D-07   0.1176462D-06   0.2229426D-06
    8    1   0.1340513D-11   0.4192339D-11   0.1338709D-10   0.4482310D-10   0.1588168D-09   0.6024265D-09   0.2492817D-08   0.1162400D-07   0.6202867D-07   0.2980651D-06   0.3226249D-06
    8    2   0.3476821D-10   0.9208011D-10   0.2503558D-09   0.7297889D-09   0.2307538D-08   0.8024982D-08   0.3147339D-07   0.1375151D-06   0.4939797D-06   0.3369670D-06
    8    3   0.3830716D-09   0.9489552D-09   0.2398059D-08   0.6528318D-08   0.1960280D-07   0.6630537D-07   0.2419745D-06   0.6640921D-06   0.2975448D-06
    8    4   0.2595036D-08   0.6204002D-08   0.1513277D-07   0.4029650D-07   0.1196198D-06   0.3667825D-06   0.7729290D-06   0.2303180D-06
    8    5   0.1267729D-07   0.3004842D-07   0.7327019D-07   0.1926401D-06   0.4931417D-06   0.7931080D-06   0.1559486D-06
    8    6   0.5019827D-07   0.1191614D-06   0.2785508D-06   0.5866471D-06   0.7111857D-06   0.8969516D-07
    8    7   0.1611515D-06   0.3462948D-06   0.5949074D-06   0.5373793D-06   0.4094987D-07
    8    8   0.3159212D-06   0.4662100D-06   0.3155425D-06   0.1270237D-07
    8    9   0.2195029D-06   0.1202250D-06   0.1633537D-08
    8   10   0.1803952D-07   0.2490177D-10
    8   11   0.3303766D-09
                  12              11              10               9               8               7               6               5               4               3               2               1
    9    0   0.1614595D-13   0.7280653D-13   0.3066624D-12   0.1253250D-11   0.5126248D-11   0.2162459D-10   0.9677066D-10   0.4736087D-09   0.2645640D-08   0.1754870D-07   0.1158934D-06   0.2113317D-06
    9    1   0.1981341D-11   0.5809977D-11   0.1707170D-10   0.5331270D-10   0.1789383D-09   0.6512856D-09   0.2612397D-08   0.1190641D-07   0.6236609D-07   0.2925128D-06   0.3037185D-06
    9    2   0.4141403D-10   0.1093526D-09   0.2868380D-09   0.8058748D-09   0.2467932D-08   0.8364722D-08   0.3216039D-07   0.1379395D-06   0.4823597D-06   0.3144196D-06
    9    3   0.4176274D-09   0.1050513D-08   0.2602550D-08   0.6920054D-08   0.2034957D-07   0.6762237D-07   0.2419415D-06   0.6440327D-06   0.2744044D-06
    9    4   0.2690022D-08   0.6590255D-08   0.1590218D-07   0.4169588D-07   0.1217266D-06   0.3648421D-06   0.7422809D-06   0.2090397D-06
    9    5   0.1275498D-07   0.3115952D-07   0.7548068D-07   0.1951385D-06   0.4860716D-06   0.7507023D-06   0.1383549D-06
    9    6   0.4959182D-07   0.1210213D-06   0.2786816D-06   0.5684413D-06   0.6582406D-06   0.7687907D-07
    9    7   0.1530517D-06   0.3343823D-06   0.5573987D-06   0.4794488D-06   0.3314042D-07
    9    8   0.2721069D-06   0.4065630D-06   0.2637026D-06   0.9170178D-08
    9    9   0.1587223D-06   0.8779919D-07   0.8140588D-09
    9   10   0.8931530D-08   0.1064463D-09
    9   11   0.2837208D-09
                  12              11              10               9               8               7               6               5               4               3               2               1
   10    0   0.4009690D-13   0.1437560D-12   0.4880759D-12   0.1716314D-11   0.6337515D-11   0.2490223D-10   0.1059351D-09   0.4997771D-09   0.2719193D-08   0.1767822D-07   0.1139554D-06   0.1991770D-06
   10    1   0.2615242D-11   0.7728763D-11   0.2138703D-10   0.6296854D-10   0.2011888D-09   0.7040136D-09   0.2739054D-08   0.1220199D-07   0.6269569D-07   0.2863929D-06   0.2840049D-06
   10    2   0.4634107D-10   0.1282336D-09   0.3275008D-09   0.8896334D-09   0.2641546D-08   0.8727764D-08   0.3288900D-07   0.1383221D-06   0.4695714D-06   0.2910331D-06
   10    3   0.4320788D-09   0.1155330D-08   0.2823717D-08   0.7344424D-08   0.2115654D-07   0.6903526D-07   0.2417290D-06   0.6219863D-06   0.2505781D-06
   10    4   0.2653739D-08   0.6967290D-08   0.1672473D-07   0.4321943D-07   0.1239771D-06   0.3622919D-06   0.7086870D-06   0.1873612D-06
   10    5   0.1223973D-07   0.3219576D-07   0.7781439D-07   0.1975975D-06   0.4773132D-06   0.7044996D-06   0.1207137D-06
   10    6   0.4668631D-07   0.1221009D-06   0.2775036D-06   0.5464146D-06   0.6012712D-06   0.6435035D-07
   10    7   0.1366838D-06   0.3167814D-06   0.5132547D-06   0.4186404D-06   0.2583392D-07
   10    8   0.2140960D-06   0.3401291D-06   0.2119385D-06   0.6147058D-08
   10    9   0.9956390D-07   0.5884959D-07   0.2897166D-09
   10   10   0.3175714D-08   0.2085712D-09
   10   11   0.1953860D-09
                  11              10               9               8               7               6               5               4               3               2               1
   11    0   0.2379641D-12   0.7174551D-12   0.2268362D-11   0.7714069D-11   0.2848925D-10   0.1156671D-09   0.5268689D-09   0.2793690D-08   0.1779855D-07   0.1117967D-06   0.1865715D-06
   11    1   0.9868560D-11   0.2631864D-10   0.7378331D-10   0.2254742D-09   0.7601672D-09   0.2871137D-08   0.1250505D-07   0.6299102D-07   0.2796182D-06   0.2636650D-06
   11    2   0.1475514D-09   0.3718717D-09   0.9805779D-09   0.2827092D-08   0.9110407D-08   0.3364700D-07   0.1386013D-06   0.4554755D-06   0.2670649D-06
   11    3   0.1253878D-08   0.3057087D-08   0.7797758D-08   0.2201783D-07   0.7052034D-07   0.2412068D-06   0.5977830D-06   0.2263812D-06
   11    4   0.7285972D-08   0.1758048D-07   0.4485228D-07   0.1263091D-06   0.3588631D-06   0.6720083D-06   0.1656306D-06
   11    5   0.3295716D-07   0.8015804D-07   0.1997845D-06   0.4663392D-06   0.6545237D-06   0.1033727D-06
   11    6   0.1214581D-06   0.2741474D-06   0.5197000D-06   0.5406939D-06   0.5241393D-07
   11    7   0.2910062D-06   0.4616888D-06   0.3560383D-06   0.1924650D-07
   11    8   0.2680399D-06   0.1620101D-06   0.3726008D-08
   11    9   0.3489407D-07   0.4065043D-10
   11   10   0.2852195D-09
                  11              10               9               8               7               6               5               4               3               2               1
   12    0   0.3476976D-12   0.9939572D-12   0.2910949D-11   0.9255931D-11   0.3237146D-10   0.1258885D-09   0.5545772D-09   0.2868013D-08   0.1790425D-07   0.1093953D-06   0.1736324D-06
   12    1   0.1200055D-10   0.3180684D-10   0.8574139D-10   0.2517307D-09   0.8194214D-09   0.3007544D-08   0.1281202D-07   0.6323286D-07   0.2721343D-06   0.2429138D-06
   12    2   0.1644684D-09   0.4190041D-09   0.1078174D-08   0.3023764D-08   0.9510801D-08   0.3442742D-07   0.1387281D-06   0.4399877D-06   0.2428056D-06
   12    3   0.1325025D-08   0.3295249D-08   0.8276782D-08   0.2293165D-07   0.7206236D-07   0.2402584D-06   0.5713323D-06   0.2021550D-06
   12    4   0.7440200D-08   0.1843708D-07   0.4657964D-07   0.1286591D-06   0.3542866D-06   0.6322173D-06   0.1442096D-06
   12    5   0.3299795D-07   0.8231513D-07   0.2013911D-06   0.4525891D-06   0.6009617D-06   0.8667594D-07
   12    6   0.1172309D-06   0.2673879D-06   0.4874040D-06   0.4771668D-06   0.4135182D-07
   12    7   0.2535093D-06   0.4021957D-06   0.2930364D-06   0.1355251D-07
   12    8   0.1925544D-06   0.1158734D-06   0.1947873D-08
   12    9   0.1708575D-07   0.8229406D-11
   12   10   0.2952375D-09
                  10               9               8               7               6               5               4               3               2               1
   13    0   0.1312338D-11   0.3645156D-11   0.1096452D-10   0.3654025D-10   0.1365462D-09   0.5826953D-09   0.2941485D-08   0.1799163D-07   0.1067379D-06   0.1604888D-06
   13    1   0.3768908D-10   0.9880326D-10   0.2799363D-09   0.8816264D-09   0.3147753D-08   0.1312118D-07   0.6340713D-07   0.2639086D-06   0.2219813D-06
   13    2   0.4668589D-09   0.1181658D-08   0.3231243D-08   0.9929004D-08   0.3522788D-07   0.1386611D-06   0.4230604D-06   0.2185582D-06
   13    3   0.3523927D-08   0.8777527D-08   0.2389972D-07   0.7365109D-07   0.2387686D-06   0.5426004D-06   0.1782452D-06
   13    4   0.1922978D-07   0.4837697D-07   0.1309471D-06   0.3482691D-06   0.5893762D-06   0.1234522D-06
   13    5   0.8390133D-07   0.2019686D-06   0.4354357D-06   0.5441497D-06   0.7094517D-07
   13    6   0.2554198D-06   0.4486095D-06   0.4115877D-06   0.3140629D-07
   13    7   0.3347445D-06   0.2313223D-06   0.8870796D-08
   13    8   0.7554670D-07   0.7949255D-09
   13    9   0.1027569D-09
                  10               9               8               7               6               5               4               3               2               1
   14    0   0.1655473D-11   0.4468607D-11   0.1284399D-10   0.4099797D-10   0.1476188D-09   0.6111346D-09   0.3013858D-08   0.1805842D-07   0.1038175D-06   0.1472742D-06
   14    1   0.4354101D-10   0.1128738D-09   0.3101076D-09   0.9468247D-09   0.3291884D-08   0.1343268D-07   0.6350337D-07   0.2549242D-06   0.2011009D-06
   14    2   0.5106355D-09   0.1289602D-08   0.3449647D-08   0.1036709D-07   0.3605000D-07   0.1383619D-06   0.4046736D-06   0.1946236D-06
   14    3   0.3711395D-08   0.9292655D-08   0.2492610D-07   0.7527754D-07   0.2366129D-06   0.5115994D-06   0.1549870D-06
   14    4   0.1980708D-07   0.5018961D-07   0.1330546D-06   0.3404717D-06   0.5436298D-06   0.1036906D-06
   14    5   0.8409558D-07   0.2008264D-06   0.4141610D-06   0.4845780D-06   0.5646556D-07
   14    6   0.2354535D-06   0.4024222D-06   0.3451086D-06   0.2276671D-07
   14    7   0.2600653D-06   0.1728518D-06   0.5254817D-08
   14    8   0.4289894D-07   0.1899739D-09
   14    9   0.2195400D-09
                   9               8               7               6               5               4               3               2               1
   15    0   0.5371795D-11   0.1490030D-10   0.4575931D-10   0.1591223D-09   0.6399245D-09   0.3085312D-08   0.1810348D-07   0.1006319D-06   0.1341215D-06
   15    1   0.1276775D-09   0.3422749D-09   0.1015280D-08   0.3440773D-08   0.1374843D-07   0.6351345D-07   0.2451760D-06   0.1805009D-06
   15    2   0.1398799D-08   0.3679293D-08   0.1082926D-07   0.3689867D-07   0.1377906D-06   0.3848289D-06   0.1712908D-06
   15    3   0.9804707D-08   0.2601424D-07   0.7692800D-07   0.2336461D-06   0.4783830D-06   0.1326947D-06
   15    4   0.5188658D-07   0.1347885D-06   0.3304870D-06   0.4952086D-06   0.8522391D-07
   15    5   0.1968585D-06   0.3879379D-06   0.4229073D-06   0.4347445D-07
   15    6   0.3480753D-06   0.2791553D-06   0.1555902D-07
   15    7   0.1197887D-06   0.2686261D-08
   15    8   0.2315194D-11
                   9               8               7               6               5               4               3               2               1
   16    0   0.6321153D-11   0.1713804D-10   0.5085296D-10   0.1711195D-09   0.6692397D-09   0.3156457D-08   0.1812653D-07   0.9718268D-07   0.1211586D-06
   16    1   0.1424336D-09   0.3763907D-09   0.1087482D-08   0.3596044D-08   0.1407206D-07   0.6343018D-07   0.2346674D-06   0.1603983D-06
   16    2   0.1501241D-08   0.3919987D-08   0.1132170D-07   0.3778098D-07   0.1369015D-06   0.3635463D-06   0.1488295D-06
   16    3   0.1026697D-07   0.2715974D-07   0.7857410D-07   0.2296892D-06   0.4430458D-06   0.1116527D-06
   16    4   0.5314535D-07   0.1358190D-06   0.3178141D-06   0.4444379D-06   0.6830928D-07
   16    5   0.1882176D-06   0.3558279D-06   0.3599935D-06   0.3215224D-07
   16    6   0.2851066D-06   0.2154423D-06   0.9837682D-08
   16    7   0.7437855D-07   0.1073035D-08
   16    8   0.6242959D-10
                   8               7               6               5               4               3               2               1
   17    0   0.1954810D-10   0.5632189D-10   0.1837232D-09   0.6994105D-09   0.3228341D-08   0.1812785D-07   0.9347352D-07   0.1085063D-06
   17    1   0.4120885D-09   0.1164112D-08   0.3760207D-08   0.1440883D-07   0.6324570D-07   0.2234090D-06   0.1409945D-06
   17    2   0.4169001D-08   0.1185199D-07   0.3870418D-07   0.1356368D-06   0.3408626D-06   0.1274844D-06
   17    3   0.2833235D-07   0.8015540D-07   0.2245130D-06   0.4057273D-06   0.9211011D-07
   17    4   0.1355672D-06   0.3018306D-06   0.3917548D-06   0.5315484D-07
   17    5   0.3168002D-06   0.2969195D-06   0.2261482D-07
   17    6   0.1559705D-06   0.5580001D-08
   17    7   0.2527754D-09
                   8               7               6               5               4               3               2               1
   18    0   0.2207037D-10   0.6221304D-10   0.1971036D-09   0.7309457D-09   0.3302444D-08   0.1810797D-07   0.8951003D-07   0.9627523D-07
   18    1   0.4479940D-09   0.1245911D-08   0.3936735D-08   0.1476542D-07   0.6294962D-07   0.2114165D-06   0.1224714D-06
   18    2   0.4415086D-08   0.1242714D-07   0.3967212D-07   0.1339196D-06   0.3168315D-06   0.1074706D-06
   18    3   0.2942775D-07   0.8154723D-07   0.2178176D-06   0.3666190D-06   0.7427485D-07
   18    4   0.1329809D-06   0.2817626D-06   0.3377313D-06   0.3991381D-07
   18    5   0.2697824D-06   0.2350293D-06   0.1490751D-07
   18    6   0.1029819D-06   0.2683392D-08
   18    7   0.3877601D-11
                   7               6               5               4               3               2               1
   19    0   0.6855011D-10   0.2114904D-09   0.7645627D-09   0.3380698D-08   0.1806727D-07   0.8529880D-07   0.8456521D-07
   19    1   0.1333239D-08   0.4130064D-08   0.1514949D-07   0.6252657D-07   0.1987103D-06   0.1049895D-06
   19    2   0.1304780D-07   0.4067841D-07   0.1316436D-06   0.2915256D-06   0.8897128D-07
   19    3   0.8249878D-07   0.2092060D-06   0.3259761D-06   0.5831018D-07
   19    4   0.2566536D-06   0.2831047D-06   0.2867958D-07
   19    5   0.1759595D-06   0.9000462D-08
   19    6   0.9665104D-09
                   7               6               5               4               3               2               1
   20    0   0.7524450D-10   0.2271636D-09   0.8012242D-09   0.3465494D-08   0.1800553D-07   0.8084697D-07   0.7346374D-07
   20    1   0.1424627D-08   0.4345306D-08   0.1556891D-07   0.6195305D-07   0.1853152D-06   0.8868567D-07
   20    2   0.1369136D-07   0.4169308D-07   0.1286609D-06   0.2650408D-06   0.7213452D-07
   20    3   0.8250292D-07   0.1981496D-06   0.2841350D-06   0.4433122D-07
   20    4   0.2253264D-06   0.2288156D-06   0.1948167D-07
   20    5   0.1216519D-06   0.4785693D-08
   20    6   0.1758699D-09
                   6               5               4               3               2               1
   21    0   0.2444032D-09   0.8421791D-09   0.3559658D-08   0.1792134D-07   0.7616195D-07   0.6304555D-07
   21    1   0.4587006D-08   0.1602987D-07   0.6119314D-07   0.1712616D-06   0.7367265D-07
   21    2   0.4263507D-07   0.1247631D-06   0.2375027D-06   0.5707196D-07
   21    3   0.1839403D-06   0.2415359D-06   0.3240234D-07
   21    4   0.1760499D-06   0.1228229D-07
   21    5   0.2076412D-08
                   6               5               4               3               2               1
   22    0   0.2632928D-09   0.8889801D-09   0.3666417D-08   0.1781134D-07   0.7125132D-07   0.5337229D-07
   22    1   0.4854766D-08   0.1653300D-07   0.6019248D-07   0.1565864D-06   0.6003793D-07
   22    2   0.4331046D-07   0.1196560D-06   0.2090767D-06   0.4385741D-07
   22    3   0.1656168D-06   0.1987539D-06   0.2253474D-07
   22    4   0.1262809D-06   0.6973686D-08
   22    5   0.6096647D-09
                   5               4               3               2               1
   23    0   0.9433783D-09   0.3789177D-08   0.1766909D-07   0.6612299D-07   0.4449240D-07
   23    1   0.1706448D-07   0.5886936D-07   0.1413366D-06   0.4784358D-07
   23    2   0.1129190D-06   0.1799824D-06   0.3252567D-07
   23    3   0.1565369D-06   0.1468433D-07
   23    4   0.3376441D-08
                   4               3               2               1
   24    0   0.3930974D-08   0.1748352D-07   0.6078558D-07   0.3644127D-07
   24    1   0.5710123D-07   0.1255733D-06   0.3712604D-07
   24    2   0.1505124D-06   0.2307156D-07
   24    3   0.8749616D-08
                   4               3               2               1
   25    0   0.4092955D-08   0.1723647D-07   0.5524919D-07   0.2924141D-07
   25    1   0.5470229D-07   0.1093787D-06   0.2789595D-07
   25    2   0.1210578D-06   0.1544879D-07
   25    3   0.4569800D-08
                   3               2               1
   26    0   0.1689872D-07   0.4952658D-07   0.2290264D-07
   26    1   0.9286390D-07   0.2013800D-07
   26    2   0.9568682D-08
                   3               2               1
   27    0   0.1642309D-07   0.4363483D-07   0.1742237D-07
   27    1   0.7618177D-07   0.1381058D-07
   27    2   0.5298558D-08
                   2               1
   28    0   0.3759765D-07   0.1278565D-07
   28    1   0.8845133D-08
                   1
   29    0   0.8965250D-08
                   1
   30    0   0.5921477D-08

