Data taken from the website: http://massey.dur.ac.uk/drf/HD_H/H-HD.rate_coefficients
   10
      0.000     0.000     0.000     0.000     0.000     0.000     0.000     0.000     0.000     0.000
      0.000     0.000     0.000     0.000     0.000     1.000     0.000     1.000     1.000   128.400
      0.000     0.000     0.000     0.000     0.000     2.000     0.000     2.000     2.000   384.200
      0.000     0.000     0.000     0.000     0.000     3.000     0.000     3.000     3.000   765.900
      0.000     0.000     0.000     0.000     0.000     4.000     0.000     4.000     4.000  1270.700
      0.000     0.000     0.000     0.000     0.000     5.000     0.000     5.000     5.000  1895.300
      0.000     0.000     0.000     0.000     0.000     6.000     0.000     6.000     6.000  2635.800
      0.000     0.000     0.000     0.000     0.000     7.000     0.000     7.000     7.000  3487.500
      0.000     0.000     0.000     0.000     0.000     8.000     0.000     8.000     8.000  4445.100
      0.000     0.000     0.000     0.000     0.000     9.000     0.000     9.000     9.000  5503.300



T = 100. K
 ( 0, 0) ( 0, 1) ( 0, 2) ( 0, 3) ( 0, 4) ( 0, 5) ( 0, 6) ( 0, 7) ( 0, 8) ( 0, 9)
 1.0D-09 1.5D-11 5.4D-13 4.0D-14 7.8D-15 6.1D-16 2.4D-17 8.7D-18 2.2D-18 2.3D-19
 1.3D-11 9.1D-10 2.0D-11 7.2D-13 4.4D-14 2.6D-15 4.3D-16 6.6D-17 8.8D-18 1.6D-18
 5.8D-14 2.6D-12 9.2D-10 1.9D-11 6.5D-13 2.4D-14 1.9D-15 6.2D-16 6.9D-17 7.0D-18
 1.3D-16 2.9D-15 5.8D-13 1.0D-09 1.3D-11 4.7D-13 1.7D-14 1.7D-15 3.3D-16 3.5D-17
 2.1D-19 1.4D-18 1.7D-16 1.1D-13 9.2D-10 9.1D-12 3.6D-13 1.4D-14 1.0D-15 1.3D-16
 3.9D-23 2.0D-22 1.5D-20 9.2D-18 2.2D-14 8.1D-10 7.0D-12 2.3D-13 1.2D-14 7.5D-16
 1.1D-27 2.4D-26 8.1D-25 2.4D-22 6.1D-19 5.0D-15 4.0D-10 5.4D-12 1.4D-13 7.7D-15
 9.3D-32 8.6D-31 6.2D-29 5.6D-27 5.6D-24 3.9D-20 1.2D-15 1.0D-09 3.6D-12 9.1D-14
 1.8D-36 9.0D-36 5.5D-34 8.3D-32 3.1D-29 1.5D-25 2.6D-21 2.9D-16 8.9D-10 2.6D-12
 5.4D-42 4.5D-41 1.6D-39 2.5D-37 1.1D-34 2.8D-31 4.0D-27 2.0D-22 7.3D-17 8.6D-10



T = 120. K
 ( 0, 0) ( 0, 1) ( 0, 2) ( 0, 3) ( 0, 4) ( 0, 5) ( 0, 6) ( 0, 7) ( 0, 8) ( 0, 9)
 1.0D-09 1.7D-11 6.4D-13 4.5D-14 8.3D-15 7.2D-16 3.2D-17 1.1D-17 2.8D-18 3.0D-19
 1.8D-11 9.5D-10 2.2D-11 8.4D-13 5.1D-14 3.3D-15 5.8D-16 8.1D-17 1.1D-17 2.1D-18
 1.3D-13 4.4D-12 9.7D-10 2.1D-11 7.8D-13 3.1D-14 2.7D-15 7.4D-16 8.6D-17 9.0D-18
 5.4D-16 9.6D-15 1.2D-12 1.1D-09 1.5D-11 5.8D-13 2.2D-14 2.1D-15 4.1D-16 4.5D-17
 1.9D-18 1.1D-17 8.7D-16 3.0D-13 9.7D-10 1.1D-11 4.8D-13 1.8D-14 1.3D-15 1.7D-16
 1.1D-21 4.9D-21 2.3D-19 7.5D-17 7.4D-14 8.9D-10 9.4D-12 2.9D-13 1.5D-14 9.6D-16
 1.2D-25 2.1D-24 4.9D-23 7.0D-21 7.9D-18 2.3D-14 6.9D-10 6.4D-12 1.8D-13 9.7D-15
 4.0D-29 2.8D-28 1.3D-26 6.3D-25 2.8D-22 6.8D-19 6.1D-15 1.0D-09 4.5D-12 1.2D-13
 3.9D-33 1.5D-32 5.9D-31 4.9D-29 7.9D-27 1.3D-23 6.8D-20 1.7D-15 9.5D-10 3.2D-12
 6.8D-38 4.6D-37 1.0D-35 8.7D-34 1.7D-31 1.4D-28 6.0D-25 7.5D-21 5.3D-16 9.3D-10



T = 140. K
 ( 0, 0) ( 0, 1) ( 0, 2) ( 0, 3) ( 0, 4) ( 0, 5) ( 0, 6) ( 0, 7) ( 0, 8) ( 0, 9)
 1.1D-09 1.9D-11 7.6D-13 5.2D-14 8.9D-15 8.4D-16 4.0D-17 1.4D-17 3.6D-18 3.8D-19
 2.3D-11 1.0D-09 2.5D-11 9.8D-13 5.9D-14 4.2D-15 7.0D-16 9.7D-17 1.4D-17 2.7D-18
 2.4D-13 6.6D-12 1.0D-09 2.3D-11 9.3D-13 3.8D-14 3.3D-15 8.7D-16 1.0D-16 1.1D-17
 1.5D-15 2.4D-14 2.1D-12 1.1D-09 1.8D-11 7.0D-13 2.7D-14 2.5D-15 5.2D-16 5.6D-17
 9.2D-18 5.0D-17 3.0D-15 6.2D-13 1.0D-09 1.3D-11 5.7D-13 2.2D-14 1.6D-15 2.2D-16
 1.2D-20 5.0D-20 1.7D-18 3.5D-16 1.8D-13 9.5D-10 1.1D-11 3.5D-13 1.8D-14 1.2D-15
 3.5D-24 5.1D-23 8.9D-22 8.0D-20 4.8D-17 6.7D-14 8.8D-10 7.4D-12 2.3D-13 1.2D-14
 3.2D-27 1.8D-26 6.2D-25 1.9D-23 4.8D-21 5.5D-18 2.0D-14 1.1D-09 5.3D-12 1.4D-13
 1.0D-30 3.3D-30 9.0D-29 4.8D-27 4.4D-25 3.4D-22 7.3D-19 6.5D-15 1.0D-09 3.8D-12
 6.1D-35 3.6D-34 5.7D-33 3.0D-31 3.4D-29 1.3D-26 2.2D-23 1.0D-19 2.2D-15 9.9D-10



T = 160. K
 ( 0, 0) ( 0, 1) ( 0, 2) ( 0, 3) ( 0, 4) ( 0, 5) ( 0, 6) ( 0, 7) ( 0, 8) ( 0, 9)
 1.1D-09 2.1D-11 8.9D-13 6.0D-14 9.6D-15 9.6D-16 4.9D-17 1.8D-17 4.6D-18 4.7D-19
 2.9D-11 1.0D-09 2.7D-11 1.1D-12 6.7D-14 5.1D-15 8.3D-16 1.2D-16 1.8D-17 3.4D-18
 4.0D-13 9.2D-12 1.1D-09 2.5D-11 1.1D-12 4.6D-14 4.0D-15 1.0D-15 1.3D-16 1.4D-17
 3.5D-15 4.9D-14 3.2D-12 1.1D-09 2.0D-11 8.4D-13 3.2D-14 3.0D-15 6.3D-16 6.8D-17
 3.1D-17 1.6D-16 7.6D-15 1.1D-12 1.1D-09 1.5D-11 6.6D-13 2.6D-14 2.0D-15 2.7D-16
 7.6D-20 3.0D-19 8.0D-18 1.1D-15 3.7D-13 1.0D-09 1.3D-11 4.2D-13 2.2D-14 1.5D-15
 4.5D-23 5.6D-22 8.0D-21 5.1D-19 1.9D-16 1.5D-13 1.0D-09 8.6D-12 2.8D-13 1.5D-14
 9.0D-26 4.4D-25 1.2D-23 2.6D-22 4.2D-20 2.7D-17 4.8D-14 1.1D-09 6.3D-12 1.8D-13
 6.7D-29 2.0D-28 4.1D-27 1.6D-25 9.3D-24 4.0D-21 4.5D-18 1.8D-14 1.0D-09 4.5D-12
 1.0D-32 5.5D-32 6.8D-31 2.6D-29 1.9D-27 4.1D-25 3.5D-22 7.6D-19 6.8D-15 1.0D-09



T = 180. K
 ( 0, 0) ( 0, 1) ( 0, 2) ( 0, 3) ( 0, 4) ( 0, 5) ( 0, 6) ( 0, 7) ( 0, 8) ( 0, 9)
 1.1D-09 2.4D-11 1.0D-12 6.8D-14 1.0D-14 1.1D-15 6.0D-17 2.2D-17 5.7D-18 5.9D-19
 3.5D-11 1.1D-09 3.0D-11 1.3D-12 7.7D-14 6.1D-15 9.8D-16 1.4D-16 2.3D-17 4.2D-18
 6.1D-13 1.2D-11 1.1D-09 2.8D-11 1.2D-12 5.5D-14 4.7D-15 1.2D-15 1.5D-16 1.7D-17
 6.7D-15 8.8D-14 4.6D-12 1.1D-09 2.2D-11 9.8D-13 3.9D-14 3.6D-15 7.6D-16 8.3D-17
 7.9D-17 4.1D-16 1.6D-14 1.7D-12 1.1D-09 1.7D-11 7.6D-13 3.2D-14 2.5D-15 3.4D-16
 3.2D-19 1.2D-18 2.7D-17 2.9D-15 6.4D-13 1.1D-09 1.4D-11 5.0D-13 2.6D-14 1.8D-15
 3.4D-22 3.8D-21 4.5D-20 2.2D-18 5.6D-16 2.7D-13 1.1D-09 9.9D-12 3.3D-13 1.8D-14
 1.3D-24 5.4D-24 1.2D-22 2.1D-21 2.4D-19 9.8D-17 1.0D-13 1.2D-09 7.3D-12 2.1D-13
 1.8D-27 4.9D-27 8.1D-26 2.5D-24 1.0D-22 2.8D-20 1.9D-17 4.0D-14 1.1D-09 5.3D-12
 5.9D-31 2.9D-30 2.9D-29 8.3D-28 4.3D-26 6.1D-24 3.1D-21 3.7D-18 1.6D-14 1.1D-09



T = 200. K
 ( 0, 0) ( 0, 1) ( 0, 2) ( 0, 3) ( 0, 4) ( 0, 5) ( 0, 6) ( 0, 7) ( 0, 8) ( 0, 9)
 1.2D-09 2.6D-11 1.2D-12 7.7D-14 1.1D-14 1.2D-15 7.4D-17 2.7D-17 7.0D-18 7.3D-19
 4.0D-11 1.1D-09 3.2D-11 1.5D-12 8.8D-14 7.3D-15 1.1D-15 1.6D-16 2.8D-17 5.2D-18
 8.5D-13 1.5D-11 1.1D-09 3.0D-11 1.4D-12 6.5D-14 5.5D-15 1.4D-15 1.8D-16 2.1D-17
 1.2D-14 1.4D-13 6.2D-12 1.2D-09 2.5D-11 1.1D-12 4.6D-14 4.3D-15 9.2D-16 9.9D-17
 1.7D-16 8.7D-16 3.1D-14 2.5D-12 1.1D-09 1.9D-11 8.6D-13 3.8D-14 3.1D-15 4.1D-16
 1.0D-18 3.9D-18 7.5D-17 6.3D-15 1.0D-12 1.1D-09 1.5D-11 5.9D-13 3.1D-14 2.2D-15
 1.8D-21 1.8D-20 1.8D-19 7.4D-18 1.3D-15 4.5D-13 1.2D-09 1.1D-11 4.0D-13 2.1D-14
 1.1D-23 4.1D-23 7.6D-22 1.1D-20 9.7D-19 2.8D-16 1.8D-13 1.2D-09 8.4D-12 2.5D-13
 2.6D-26 6.7D-26 9.2D-25 2.3D-23 7.4D-22 1.4D-19 6.1D-17 7.9D-14 1.1D-09 6.1D-12
 1.5D-29 7.1D-29 6.1D-28 1.4D-26 5.6D-25 5.5D-23 1.8D-20 1.3D-17 3.4D-14 1.1D-09



T = 220. K
 ( 0, 0) ( 0, 1) ( 0, 2) ( 0, 3) ( 0, 4) ( 0, 5) ( 0, 6) ( 0, 7) ( 0, 8) ( 0, 9)
 1.2D-09 2.8D-11 1.3D-12 8.6D-14 1.2D-14 1.4D-15 9.1D-17 3.3D-17 8.4D-18 8.9D-19
 4.6D-11 1.1D-09 3.5D-11 1.7D-12 9.9D-14 8.5D-15 1.3D-15 1.9D-16 3.4D-17 6.4D-18
 1.2D-12 1.8D-11 1.2D-09 3.3D-11 1.6D-12 7.7D-14 6.4D-15 1.6D-15 2.1D-16 2.5D-17
 1.9D-14 2.2D-13 8.1D-12 1.2D-09 2.7D-11 1.3D-12 5.4D-14 5.1D-15 1.1D-15 1.2D-16
 3.3D-16 1.7D-15 5.2D-14 3.5D-12 1.2D-09 2.1D-11 9.7D-13 4.5D-14 3.7D-15 4.9D-16
 2.7D-18 1.0D-17 1.8D-16 1.2D-14 1.5D-12 1.1D-09 1.7D-11 6.8D-13 3.6D-14 2.6D-15
 7.4D-21 6.6D-20 6.0D-19 2.1D-17 2.8D-15 6.9D-13 1.2D-09 1.3D-11 4.6D-13 2.4D-14
 6.4D-23 2.2D-22 3.6D-21 4.6D-20 3.1D-18 6.7D-16 3.0D-13 1.2D-09 9.5D-12 3.0D-13
 2.4D-25 5.8D-25 6.8D-24 1.4D-22 3.8D-21 5.1D-19 1.6D-16 1.4D-13 1.2D-09 6.9D-12
 2.3D-28 9.9D-28 7.5D-27 1.4D-25 4.6D-24 3.4D-22 7.8D-20 3.9D-17 6.3D-14 1.2D-09



T = 240. K
 ( 0, 0) ( 0, 1) ( 0, 2) ( 0, 3) ( 0, 4) ( 0, 5) ( 0, 6) ( 0, 7) ( 0, 8) ( 0, 9)
 1.2D-09 3.0D-11 1.5D-12 9.7D-14 1.3D-14 1.5D-15 1.1D-16 4.0D-17 1.0D-17 1.1D-18
 5.2D-11 1.2D-09 3.7D-11 1.9D-12 1.1D-13 9.9D-15 1.6D-15 2.2D-16 4.1D-17 7.7D-18
 1.5D-12 2.1D-11 1.2D-09 3.5D-11 1.8D-12 9.0D-14 7.6D-15 1.9D-15 2.4D-16 3.0D-17
 2.8D-14 3.1D-13 1.0D-11 1.2D-09 3.0D-11 1.5D-12 6.4D-14 6.1D-15 1.3D-15 1.4D-16
 5.6D-16 2.9D-15 8.1D-14 4.6D-12 1.2D-09 2.3D-11 1.1D-12 5.3D-14 4.5D-15 5.9D-16
 6.2D-18 2.3D-17 3.6D-16 2.1D-14 2.1D-12 1.2D-09 1.8D-11 7.9D-13 4.2D-14 3.1D-15
 2.5D-20 2.0D-19 1.7D-18 4.9D-17 5.4D-15 1.0D-12 1.3D-09 1.4D-11 5.4D-13 2.9D-14
 2.9D-22 9.3D-22 1.4D-20 1.5D-19 8.5D-18 1.4D-15 4.6D-13 1.3D-09 1.1D-11 3.4D-13
 1.6D-24 3.6D-24 3.7D-23 6.8D-22 1.5D-20 1.6D-18 3.8D-16 2.2D-13 1.2D-09 7.7D-12
 2.3D-27 9.2D-27 6.3D-26 1.0D-24 2.7D-23 1.6D-21 2.7D-19 9.8D-17 1.1D-13 1.2D-09



T = 260. K
 ( 0, 0) ( 0, 1) ( 0, 2) ( 0, 3) ( 0, 4) ( 0, 5) ( 0, 6) ( 0, 7) ( 0, 8) ( 0, 9)
 1.2D-09 3.2D-11 1.6D-12 1.1D-13 1.3D-14 1.7D-15 1.4D-16 4.8D-17 1.2D-17 1.3D-18
 5.8D-11 1.2D-09 4.0D-11 2.1D-12 1.3D-13 1.1D-14 1.8D-15 2.6D-16 4.9D-17 9.2D-18
 1.9D-12 2.5D-11 1.2D-09 3.8D-11 2.0D-12 1.0D-13 8.9D-15 2.1D-15 2.8D-16 3.6D-17
 4.0D-14 4.2D-13 1.2D-11 1.3D-09 3.2D-11 1.7D-12 7.5D-14 7.1D-15 1.5D-15 1.6D-16
 9.1D-16 4.6D-15 1.2D-13 5.9D-12 1.2D-09 2.6D-11 1.2D-12 6.1D-14 5.4D-15 7.0D-16
 1.3D-17 4.7D-17 6.8D-16 3.4D-14 2.8D-12 1.2D-09 2.0D-11 8.9D-13 4.9D-14 3.7D-15
 7.0D-20 5.2D-19 4.0D-18 1.1D-16 9.4D-15 1.4D-12 1.3D-09 1.5D-11 6.2D-13 3.3D-14
 1.1D-21 3.2D-21 4.2D-20 4.4D-19 2.0D-17 2.7D-15 6.8D-13 1.3D-09 1.2D-11 4.0D-13
 7.7D-24 1.7D-23 1.6D-22 2.6D-21 5.0D-20 4.1D-18 7.7D-16 3.4D-13 1.3D-09 8.7D-12
 1.6D-26 6.1D-26 3.8D-25 5.4D-24 1.3D-22 6.0D-21 7.9D-19 2.2D-16 1.7D-13 1.3D-09



T = 280. K
 ( 0, 0) ( 0, 1) ( 0, 2) ( 0, 3) ( 0, 4) ( 0, 5) ( 0, 6) ( 0, 7) ( 0, 8) ( 0, 9)
 1.3D-09 3.4D-11 1.8D-12 1.2D-13 1.4D-14 1.8D-15 1.6D-16 5.7D-17 1.4D-17 1.6D-18
 6.4D-11 1.2D-09 4.2D-11 2.3D-12 1.4D-13 1.3D-14 2.1D-15 3.0D-16 5.9D-17 1.1D-17
 2.3D-12 2.8D-11 1.3D-09 4.0D-11 2.2D-12 1.2D-13 1.0D-14 2.4D-15 3.2D-16 4.2D-17
 5.5D-14 5.5D-13 1.4D-11 1.3D-09 3.4D-11 1.9D-12 8.8D-14 8.4D-15 1.7D-15 1.9D-16
 1.4D-15 7.1D-15 1.7D-13 7.3D-12 1.3D-09 2.8D-11 1.4D-12 7.1D-14 6.4D-15 8.3D-16
 2.3D-17 8.7D-17 1.2D-15 5.2D-14 3.7D-12 1.3D-09 2.2D-11 1.0D-12 5.6D-14 4.4D-15
 1.7D-19 1.2D-18 8.7D-18 2.0D-16 1.5D-14 1.8D-12 1.3D-09 1.7D-11 7.0D-13 3.8D-14
 3.3D-21 9.2D-21 1.1D-19 1.1D-18 4.3D-17 4.7D-15 9.4D-13 1.3D-09 1.3D-11 4.5D-13
 3.1D-23 6.7D-23 5.5D-22 8.3D-21 1.4D-19 9.6D-18 1.4D-15 4.9D-13 1.3D-09 9.6D-12
 8.6D-26 3.2D-25 1.8D-24 2.3D-23 4.8D-22 1.9D-20 2.0D-18 4.3D-16 2.4D-13 1.3D-09



T = 300. K
 ( 0, 0) ( 0, 1) ( 0, 2) ( 0, 3) ( 0, 4) ( 0, 5) ( 0, 6) ( 0, 7) ( 0, 8) ( 0, 9)
 1.3D-09 3.6D-11 2.0D-12 1.3D-13 1.6D-14 2.0D-15 1.9D-16 6.7D-17 1.7D-17 1.9D-18
 7.0D-11 1.3D-09 4.5D-11 2.5D-12 1.6D-13 1.5D-14 2.5D-15 3.4D-16 7.0D-17 1.3D-17
 2.8D-12 3.2D-11 1.3D-09 4.3D-11 2.5D-12 1.3D-13 1.2D-14 2.8D-15 3.7D-16 5.0D-17
 7.2D-14 7.1D-13 1.7D-11 1.3D-09 3.7D-11 2.1D-12 1.0D-13 9.9D-15 2.0D-15 2.2D-16
 2.0D-15 1.0D-14 2.3D-13 8.8D-12 1.3D-09 3.0D-11 1.5D-12 8.2D-14 7.5D-15 9.8D-16
 4.0D-17 1.5D-16 1.9D-15 7.5D-14 4.6D-12 1.3D-09 2.4D-11 1.1D-12 6.4D-14 5.2D-15
 3.9D-19 2.5D-18 1.7D-17 3.7D-16 2.4D-14 2.4D-12 1.4D-09 1.9D-11 8.0D-13 4.4D-14
 9.0D-21 2.4D-20 2.7D-19 2.4D-18 8.4D-17 7.7D-15 1.3D-12 1.4D-09 1.4D-11 5.1D-13
 1.0D-22 2.2D-22 1.7D-21 2.3D-20 3.6D-19 2.0D-17 2.5D-15 6.7D-13 1.3D-09 1.1D-11
 3.8D-25 1.3D-24 7.3D-24 8.3D-23 1.5D-21 5.3D-20 4.5D-18 7.8D-16 3.5D-13 1.3D-09



T = 320. K
 ( 0, 0) ( 0, 1) ( 0, 2) ( 0, 3) ( 0, 4) ( 0, 5) ( 0, 6) ( 0, 7) ( 0, 8) ( 0, 9)
 1.3D-09 3.8D-11 2.2D-12 1.5D-13 1.7D-14 2.2D-15 2.3D-16 7.9D-17 1.9D-17 2.2D-18
 7.7D-11 1.3D-09 4.7D-11 2.8D-12 1.7D-13 1.7D-14 2.8D-15 3.9D-16 8.2D-17 1.5D-17
 3.3D-12 3.5D-11 1.3D-09 4.5D-11 2.7D-12 1.5D-13 1.4D-14 3.2D-15 4.2D-16 5.8D-17
 9.4D-14 8.8D-13 1.9D-11 1.3D-09 3.9D-11 2.3D-12 1.2D-13 1.2D-14 2.3D-15 2.5D-16
 2.8D-15 1.5D-14 3.1D-13 1.0D-11 1.3D-09 3.2D-11 1.7D-12 9.4D-14 8.9D-15 1.1D-15
 6.6D-17 2.5D-16 3.0D-15 1.0D-13 5.6D-12 1.3D-09 2.5D-11 1.3D-12 7.3D-14 6.1D-15
 7.9D-19 4.9D-18 3.2D-17 6.3D-16 3.5D-14 3.0D-12 1.4D-09 2.0D-11 8.9D-13 5.0D-14
 2.2D-20 5.5D-20 5.8D-19 5.0D-18 1.5D-16 1.2D-14 1.6D-12 1.4D-09 1.6D-11 5.7D-13
 3.0D-22 6.5D-22 4.4D-21 5.7D-20 8.3D-19 3.9D-17 4.1D-15 9.0D-13 1.4D-09 1.2D-11
 1.4D-24 4.8D-24 2.5D-23 2.6D-22 4.3D-21 1.3D-19 9.4D-18 1.3D-15 4.7D-13 1.4D-09



T = 340. K
 ( 0, 0) ( 0, 1) ( 0, 2) ( 0, 3) ( 0, 4) ( 0, 5) ( 0, 6) ( 0, 7) ( 0, 8) ( 0, 9)
 1.3D-09 4.0D-11 2.4D-12 1.6D-13 1.8D-14 2.5D-15 2.7D-16 9.3D-17 2.2D-17 2.6D-18
 8.3D-11 1.3D-09 4.9D-11 3.0D-12 1.9D-13 1.9D-14 3.3D-15 4.5D-16 9.7D-17 1.8D-17
 3.8D-12 3.9D-11 1.3D-09 4.8D-11 3.0D-12 1.7D-13 1.6D-14 3.6D-15 4.8D-16 6.8D-17
 1.2D-13 1.1D-12 2.2D-11 1.4D-09 4.2D-11 2.5D-12 1.3D-13 1.3D-14 2.7D-15 2.9D-16
 3.9D-15 2.0D-14 3.9D-13 1.2D-11 1.4D-09 3.5D-11 1.9D-12 1.1D-13 1.0D-14 1.3D-15
 1.0D-16 3.9D-16 4.4D-15 1.4D-13 6.7D-12 1.4D-09 2.7D-11 1.4D-12 8.4D-14 7.1D-15
 1.5D-18 8.8D-18 5.6D-17 1.0D-15 4.9D-14 3.7D-12 1.4D-09 2.2D-11 1.0D-12 5.7D-14
 4.9D-20 1.2D-19 1.2D-18 9.6D-18 2.6D-16 1.8D-14 2.1D-12 1.4D-09 1.7D-11 6.4D-13
 8.0D-22 1.7D-21 1.1D-20 1.3D-19 1.7D-18 7.1D-17 6.4D-15 1.2D-12 1.4D-09 1.3D-11
 4.7D-24 1.5D-23 7.5D-23 7.1D-22 1.1D-20 3.0D-19 1.8D-17 2.2D-15 6.3D-13 1.4D-09



T = 360. K
 ( 0, 0) ( 0, 1) ( 0, 2) ( 0, 3) ( 0, 4) ( 0, 5) ( 0, 6) ( 0, 7) ( 0, 8) ( 0, 9)
 1.4D-09 4.2D-11 2.6D-12 1.8D-13 2.0D-14 2.7D-15 3.2D-16 1.1D-16 2.6D-17 3.1D-18
 8.8D-11 1.4D-09 5.2D-11 3.3D-12 2.1D-13 2.2D-14 3.7D-15 5.2D-16 1.1D-16 2.0D-17
 4.4D-12 4.2D-11 1.4D-09 5.0D-11 3.2D-12 1.9D-13 1.9D-14 4.1D-15 5.5D-16 7.9D-17
 1.5D-13 1.3D-12 2.4D-11 1.4D-09 4.4D-11 2.7D-12 1.5D-13 1.6D-14 3.0D-15 3.4D-16
 5.2D-15 2.6D-14 4.9D-13 1.4D-11 1.4D-09 3.7D-11 2.1D-12 1.2D-13 1.2D-14 1.5D-15
 1.6D-16 5.9D-16 6.3D-15 1.8D-13 8.0D-12 1.4D-09 2.9D-11 1.6D-12 9.5D-14 8.2D-15
 2.7D-18 1.5D-17 9.3D-17 1.6D-15 6.8D-14 4.4D-12 1.4D-09 2.4D-11 1.1D-12 6.5D-14
 1.0D-19 2.3D-19 2.2D-18 1.7D-17 4.3D-16 2.5D-14 2.5D-12 1.5D-09 1.9D-11 7.1D-13
 1.9D-21 4.0D-21 2.4D-20 2.7D-19 3.4D-18 1.2D-16 9.5D-15 1.5D-12 1.4D-09 1.4D-11
 1.4D-23 4.2D-23 2.0D-22 1.8D-21 2.5D-20 6.3D-19 3.3D-17 3.3D-15 8.1D-13 1.4D-09



T = 380. K
 ( 0, 0) ( 0, 1) ( 0, 2) ( 0, 3) ( 0, 4) ( 0, 5) ( 0, 6) ( 0, 7) ( 0, 8) ( 0, 9)
 1.4D-09 4.4D-11 2.8D-12 1.9D-13 2.1D-14 3.0D-15 3.7D-16 1.2D-16 2.9D-17 3.7D-18
 9.4D-11 1.4D-09 5.4D-11 3.5D-12 2.3D-13 2.4D-14 4.2D-15 5.9D-16 1.3D-16 2.3D-17
 5.1D-12 4.6D-11 1.4D-09 5.3D-11 3.5D-12 2.1D-13 2.1D-14 4.6D-15 6.3D-16 9.1D-17
 1.8D-13 1.5D-12 2.7D-11 1.4D-09 4.7D-11 2.9D-12 1.7D-13 1.8D-14 3.5D-15 3.9D-16
 6.8D-15 3.4D-14 6.0D-13 1.6D-11 1.4D-09 3.9D-11 2.3D-12 1.4D-13 1.4D-14 1.8D-15
 2.3D-16 8.5D-16 8.8D-15 2.4D-13 9.2D-12 1.4D-09 3.1D-11 1.7D-12 1.1D-13 9.5D-15
 4.7D-18 2.5D-17 1.5D-16 2.3D-15 9.0D-14 5.2D-12 1.5D-09 2.5D-11 1.2D-12 7.3D-14
 1.9D-19 4.3D-19 3.9D-18 3.0D-17 6.7D-16 3.5D-14 3.1D-12 1.5D-09 2.0D-11 7.9D-13
 4.2D-21 8.7D-21 4.9D-20 5.3D-19 6.3D-18 2.0D-16 1.4D-14 1.8D-12 1.5D-09 1.5D-11
 3.6D-23 1.1D-22 4.9D-22 4.1D-21 5.5D-20 1.2D-18 5.6D-17 5.0D-15 1.0D-12 1.5D-09



T = 400. K
 ( 0, 0) ( 0, 1) ( 0, 2) ( 0, 3) ( 0, 4) ( 0, 5) ( 0, 6) ( 0, 7) ( 0, 8) ( 0, 9)
 1.4D-09 4.6D-11 3.0D-12 2.1D-13 2.3D-14 3.3D-15 4.3D-16 1.4D-16 3.3D-17 4.3D-18
 1.0D-10 1.4D-09 5.6D-11 3.8D-12 2.5D-13 2.7D-14 4.8D-15 6.7D-16 1.5D-16 2.7D-17
 5.7D-12 5.0D-11 1.4D-09 5.5D-11 3.7D-12 2.4D-13 2.4D-14 5.2D-15 7.1D-16 1.1D-16
 2.2D-13 1.8D-12 3.0D-11 1.4D-09 4.9D-11 3.2D-12 1.9D-13 2.1D-14 4.0D-15 4.5D-16
 8.8D-15 4.4D-14 7.3D-13 1.8D-11 1.4D-09 4.1D-11 2.5D-12 1.5D-13 1.6D-14 2.1D-15
 3.2D-16 1.2D-15 1.2D-14 3.0D-13 1.1D-11 1.5D-09 3.3D-11 1.9D-12 1.2D-13 1.1D-14
 7.7D-18 3.9D-17 2.3D-16 3.3D-15 1.2D-13 6.2D-12 1.5D-09 2.7D-11 1.3D-12 8.2D-14
 3.5D-19 7.6D-19 6.6D-18 4.9D-17 1.0D-15 4.7D-14 3.7D-12 1.5D-09 2.1D-11 8.7D-13
 8.5D-21 1.8D-20 9.5D-20 9.7D-19 1.1D-17 3.2D-16 1.9D-14 2.2D-12 1.5D-09 1.6D-11
 8.7D-23 2.5D-22 1.1D-21 8.8D-21 1.1D-19 2.3D-18 9.2D-17 7.1D-15 1.3D-12 1.5D-09



T = 420. K
 ( 0, 0) ( 0, 1) ( 0, 2) ( 0, 3) ( 0, 4) ( 0, 5) ( 0, 6) ( 0, 7) ( 0, 8) ( 0, 9)
 1.4D-09 4.8D-11 3.2D-12 2.3D-13 2.6D-14 3.7D-15 5.0D-16 1.7D-16 3.8D-17 5.1D-18
 1.1D-10 1.4D-09 5.9D-11 4.1D-12 2.8D-13 3.1D-14 5.4D-15 7.7D-16 1.8D-16 3.1D-17
 6.4D-12 5.3D-11 1.4D-09 5.8D-11 4.0D-12 2.6D-13 2.8D-14 5.8D-15 8.1D-16 1.2D-16
 2.6D-13 2.1D-12 3.3D-11 1.5D-09 5.2D-11 3.4D-12 2.1D-13 2.4D-14 4.5D-15 5.2D-16
 1.1D-14 5.5D-14 8.7D-13 2.0D-11 1.5D-09 4.4D-11 2.7D-12 1.7D-13 1.9D-14 2.4D-15
 4.4D-16 1.7D-15 1.6D-14 3.6D-13 1.2D-11 1.5D-09 3.5D-11 2.0D-12 1.3D-13 1.3D-14
 1.2D-17 6.0D-17 3.4D-16 4.6D-15 1.5D-13 7.1D-12 1.5D-09 2.9D-11 1.5D-12 9.2D-14
 6.2D-19 1.3D-18 1.1D-17 7.8D-17 1.5D-15 6.2D-14 4.3D-12 1.5D-09 2.3D-11 9.5D-13
 1.6D-20 3.5D-20 1.7D-19 1.7D-18 1.9D-17 4.8D-16 2.6D-14 2.6D-12 1.5D-09 1.7D-11
 2.0D-22 5.4D-22 2.4D-21 1.8D-20 2.1D-19 4.1D-18 1.5D-16 9.9D-15 1.5D-12 1.5D-09



T = 440. K
 ( 0, 0) ( 0, 1) ( 0, 2) ( 0, 3) ( 0, 4) ( 0, 5) ( 0, 6) ( 0, 7) ( 0, 8) ( 0, 9)
 1.4D-09 5.0D-11 3.4D-12 2.5D-13 2.8D-14 4.0D-15 5.7D-16 1.9D-16 4.3D-17 6.0D-18
 1.1D-10 1.4D-09 6.1D-11 4.3D-12 3.0D-13 3.4D-14 6.1D-15 8.7D-16 2.0D-16 3.6D-17
 7.2D-12 5.7D-11 1.5D-09 6.0D-11 4.3D-12 2.9D-13 3.1D-14 6.5D-15 9.2D-16 1.4D-16
 3.1D-13 2.4D-12 3.5D-11 1.5D-09 5.4D-11 3.7D-12 2.4D-13 2.7D-14 5.1D-15 6.0D-16
 1.4D-14 6.8D-14 1.0D-12 2.2D-11 1.5D-09 4.6D-11 2.9D-12 1.9D-13 2.2D-14 2.7D-15
 6.0D-16 2.3D-15 2.0D-14 4.4D-13 1.4D-11 1.5D-09 3.7D-11 2.2D-12 1.5D-13 1.4D-14
 1.9D-17 8.8D-17 4.9D-16 6.3D-15 1.9D-13 8.2D-12 1.5D-09 3.0D-11 1.6D-12 1.0D-13
 1.0D-18 2.1D-18 1.7D-17 1.2D-16 2.1D-15 8.0D-14 5.1D-12 1.6D-09 2.4D-11 1.0D-12
 3.0D-20 6.4D-20 3.1D-19 2.9D-18 3.0D-17 7.1D-16 3.4D-14 3.1D-12 1.5D-09 1.8D-11
 4.2D-22 1.1D-21 4.7D-21 3.4D-20 3.8D-19 6.9D-18 2.2D-16 1.3D-14 1.8D-12 1.6D-09



T = 460. K
 ( 0, 0) ( 0, 1) ( 0, 2) ( 0, 3) ( 0, 4) ( 0, 5) ( 0, 6) ( 0, 7) ( 0, 8) ( 0, 9)
 1.5D-09 5.2D-11 3.7D-12 2.7D-13 3.1D-14 4.5D-15 6.6D-16 2.2D-16 4.9D-17 7.0D-18
 1.2D-10 1.5D-09 6.3D-11 4.6D-12 3.3D-13 3.8D-14 6.8D-15 9.9D-16 2.4D-16 4.1D-17
 7.9D-12 6.1D-11 1.5D-09 6.3D-11 4.6D-12 3.2D-13 3.6D-14 7.3D-15 1.1D-15 1.6D-16
 3.6D-13 2.7D-12 3.8D-11 1.5D-09 5.6D-11 3.9D-12 2.6D-13 3.1D-14 5.8D-15 6.9D-16
 1.7D-14 8.3D-14 1.2D-12 2.4D-11 1.5D-09 4.8D-11 3.1D-12 2.1D-13 2.5D-14 3.1D-15
 8.0D-16 3.0D-15 2.6D-14 5.3D-13 1.5D-11 1.5D-09 3.9D-11 2.4D-12 1.7D-13 1.7D-14
 2.8D-17 1.3D-16 6.9D-16 8.4D-15 2.3D-13 9.3D-12 1.6D-09 3.2D-11 1.7D-12 1.1D-13
 1.7D-18 3.3D-18 2.6D-17 1.8D-16 2.9D-15 1.0D-13 5.8D-12 1.6D-09 2.6D-11 1.1D-12
 5.2D-20 1.1D-19 5.2D-19 4.7D-18 4.7D-17 1.0D-15 4.4D-14 3.7D-12 1.6D-09 1.9D-11
 8.5D-22 2.2D-21 9.0D-21 6.3D-20 6.6D-19 1.1D-17 3.3D-16 1.8D-14 2.2D-12 1.6D-09



T = 480. K
 ( 0, 0) ( 0, 1) ( 0, 2) ( 0, 3) ( 0, 4) ( 0, 5) ( 0, 6) ( 0, 7) ( 0, 8) ( 0, 9)
 1.5D-09 5.4D-11 3.9D-12 2.9D-13 3.4D-14 4.9D-15 7.5D-16 2.5D-16 5.5D-17 8.2D-18
 1.2D-10 1.5D-09 6.6D-11 4.9D-12 3.6D-13 4.3D-14 7.7D-15 1.1D-15 2.7D-16 4.7D-17
 8.7D-12 6.4D-11 1.5D-09 6.5D-11 4.8D-12 3.5D-13 4.0D-14 8.1D-15 1.2D-15 1.8D-16
 4.2D-13 3.0D-12 4.1D-11 1.5D-09 5.9D-11 4.2D-12 2.9D-13 3.5D-14 6.5D-15 7.9D-16
 2.1D-14 1.0D-13 1.4D-12 2.6D-11 1.5D-09 5.0D-11 3.3D-12 2.3D-13 2.8D-14 3.6D-15
 1.0D-15 3.9D-15 3.3D-14 6.3D-13 1.7D-11 1.6D-09 4.1D-11 2.5D-12 1.9D-13 1.9D-14
 4.0D-17 1.8D-16 9.6D-16 1.1D-14 2.8D-13 1.0D-11 1.6D-09 3.4D-11 1.9D-12 1.3D-13
 2.6D-18 5.2D-18 3.8D-17 2.6D-16 3.9D-15 1.3D-13 6.6D-12 1.6D-09 2.7D-11 1.2D-12
 8.8D-20 1.9D-19 8.6D-19 7.4D-18 7.2D-17 1.4D-15 5.7D-14 4.2D-12 1.6D-09 2.1D-11
 1.6D-21 4.1D-21 1.6D-20 1.1D-19 1.1D-18 1.8D-17 4.7D-16 2.3D-14 2.5D-12 1.6D-09



T = 500. K
 ( 0, 0) ( 0, 1) ( 0, 2) ( 0, 3) ( 0, 4) ( 0, 5) ( 0, 6) ( 0, 7) ( 0, 8) ( 0, 9)
 1.5D-09 5.6D-11 4.1D-12 3.2D-13 3.7D-14 5.5D-15 8.6D-16 2.8D-16 6.2D-17 9.5D-18
 1.3D-10 1.5D-09 6.8D-11 5.2D-12 3.9D-13 4.7D-14 8.6D-15 1.3D-15 3.1D-16 5.3D-17
 9.5D-12 6.8D-11 1.5D-09 6.7D-11 5.1D-12 3.8D-13 4.5D-14 9.1D-15 1.4D-15 2.1D-16
 4.8D-13 3.4D-12 4.4D-11 1.6D-09 6.1D-11 4.5D-12 3.2D-13 4.0D-14 7.3D-15 9.1D-16
 2.6D-14 1.2D-13 1.6D-12 2.9D-11 1.6D-09 5.3D-11 3.6D-12 2.6D-13 3.2D-14 4.0D-15
 1.4D-15 5.1D-15 4.1D-14 7.3D-13 1.8D-11 1.6D-09 4.3D-11 2.7D-12 2.0D-13 2.1D-14
 5.7D-17 2.5D-16 1.3D-15 1.4D-14 3.4D-13 1.2D-11 1.6D-09 3.6D-11 2.0D-12 1.4D-13
 3.9D-18 7.7D-18 5.5D-17 3.7D-16 5.1D-15 1.5D-13 7.5D-12 1.6D-09 2.9D-11 1.3D-12
 1.4D-19 3.1D-19 1.4D-18 1.1D-17 1.1D-16 1.9D-15 7.1D-14 4.8D-12 1.6D-09 2.2D-11
 3.0D-21 7.2D-21 2.9D-20 1.9D-19 1.8D-18 2.7D-17 6.6D-16 3.0D-14 2.9D-12 1.6D-09



T = 520. K
 ( 0, 0) ( 0, 1) ( 0, 2) ( 0, 3) ( 0, 4) ( 0, 5) ( 0, 6) ( 0, 7) ( 0, 8) ( 0, 9)
 1.5D-09 5.7D-11 4.3D-12 3.4D-13 4.1D-14 6.0D-15 9.8D-16 3.2D-16 6.9D-17 1.1D-17
 1.3D-10 1.5D-09 7.0D-11 5.5D-12 4.2D-13 5.3D-14 9.6D-15 1.5D-15 3.6D-16 6.1D-17
 1.0D-11 7.1D-11 1.6D-09 7.0D-11 5.4D-12 4.1D-13 5.1D-14 1.0D-14 1.5D-15 2.4D-16
 5.5D-13 3.8D-12 4.7D-11 1.6D-09 6.3D-11 4.7D-12 3.5D-13 4.5D-14 8.3D-15 1.0D-15
 3.2D-14 1.4D-13 1.8D-12 3.1D-11 1.6D-09 5.5D-11 3.8D-12 2.8D-13 3.7D-14 4.6D-15
 1.7D-15 6.5D-15 5.0D-14 8.5D-13 2.0D-11 1.6D-09 4.5D-11 2.9D-12 2.3D-13 2.4D-14
 8.0D-17 3.3D-16 1.7D-15 1.8D-14 4.0D-13 1.3D-11 1.6D-09 3.8D-11 2.2D-12 1.5D-13
 5.9D-18 1.1D-17 7.8D-17 5.1D-16 6.7D-15 1.9D-13 8.4D-12 1.7D-09 3.1D-11 1.4D-12
 2.3D-19 5.0D-19 2.1D-18 1.7D-17 1.5D-16 2.6D-15 8.8D-14 5.5D-12 1.6D-09 2.3D-11
 5.3D-21 1.3D-20 4.9D-20 3.1D-19 2.8D-18 4.0D-17 9.1D-16 3.7D-14 3.4D-12 1.7D-09



T = 540. K
 ( 0, 0) ( 0, 1) ( 0, 2) ( 0, 3) ( 0, 4) ( 0, 5) ( 0, 6) ( 0, 7) ( 0, 8) ( 0, 9)
 1.5D-09 5.9D-11 4.6D-12 3.7D-13 4.5D-14 6.7D-15 1.1D-15 3.6D-16 7.8D-17 1.3D-17
 1.4D-10 1.6D-09 7.2D-11 5.8D-12 4.6D-13 5.8D-14 1.1D-14 1.7D-15 4.1D-16 7.0D-17
 1.1D-11 7.5D-11 1.6D-09 7.2D-11 5.7D-12 4.5D-13 5.7D-14 1.1D-14 1.8D-15 2.8D-16
 6.2D-13 4.2D-12 5.0D-11 1.6D-09 6.6D-11 5.0D-12 3.8D-13 5.0D-14 9.3D-15 1.2D-15
 3.8D-14 1.6D-13 2.0D-12 3.3D-11 1.6D-09 5.7D-11 4.0D-12 3.1D-13 4.1D-14 5.2D-15
 2.2D-15 8.1D-15 6.0D-14 9.7D-13 2.2D-11 1.6D-09 4.7D-11 3.1D-12 2.5D-13 2.7D-14
 1.1D-16 4.5D-16 2.3D-15 2.2D-14 4.7D-13 1.4D-11 1.7D-09 3.9D-11 2.3D-12 1.7D-13
 8.5D-18 1.6D-17 1.1D-16 7.0D-16 8.6D-15 2.2D-13 9.4D-12 1.7D-09 3.2D-11 1.5D-12
 3.5D-19 7.8D-19 3.2D-18 2.5D-17 2.2D-16 3.4D-15 1.1D-13 6.2D-12 1.7D-09 2.4D-11
 9.2D-21 2.1D-20 8.1D-20 5.0D-19 4.4D-18 5.9D-17 1.2D-15 4.6D-14 3.8D-12 1.7D-09



T = 560. K
 ( 0, 0) ( 0, 1) ( 0, 2) ( 0, 3) ( 0, 4) ( 0, 5) ( 0, 6) ( 0, 7) ( 0, 8) ( 0, 9)
 1.6D-09 6.1D-11 4.8D-12 3.9D-13 4.9D-14 7.4D-15 1.3D-15 4.1D-16 8.7D-17 1.5D-17
 1.5D-10 1.6D-09 7.4D-11 6.1D-12 4.9D-13 6.4D-14 1.2D-14 1.9D-15 4.7D-16 7.9D-17
 1.2D-11 7.8D-11 1.6D-09 7.4D-11 6.0D-12 4.8D-13 6.3D-14 1.3D-14 2.0D-15 3.2D-16
 7.0D-13 4.6D-12 5.2D-11 1.6D-09 6.8D-11 5.3D-12 4.2D-13 5.6D-14 1.0D-14 1.4D-15
 4.6D-14 1.9D-13 2.2D-12 3.5D-11 1.6D-09 5.9D-11 4.3D-12 3.4D-13 4.7D-14 5.9D-15
 2.8D-15 1.0D-14 7.2D-14 1.1D-12 2.4D-11 1.6D-09 4.9D-11 3.3D-12 2.7D-13 3.1D-14
 1.5D-16 5.9D-16 2.9D-15 2.7D-14 5.4D-13 1.6D-11 1.7D-09 4.1D-11 2.5D-12 1.9D-13
 1.2D-17 2.3D-17 1.5D-16 9.3D-16 1.1D-14 2.6D-13 1.0D-11 1.7D-09 3.4D-11 1.6D-12
 5.3D-19 1.2D-18 4.8D-18 3.5D-17 3.0D-16 4.4D-15 1.3D-13 6.9D-12 1.7D-09 2.5D-11
 1.5D-20 3.4D-20 1.3D-19 7.9D-19 6.5D-18 8.4D-17 1.6D-15 5.7D-14 4.3D-12 1.7D-09



T = 580. K
 ( 0, 0) ( 0, 1) ( 0, 2) ( 0, 3) ( 0, 4) ( 0, 5) ( 0, 6) ( 0, 7) ( 0, 8) ( 0, 9)
 1.6D-09 6.3D-11 5.1D-12 4.2D-13 5.4D-14 8.2D-15 1.4D-15 4.6D-16 9.8D-17 1.7D-17
 1.5D-10 1.6D-09 7.6D-11 6.4D-12 5.3D-13 7.1D-14 1.3D-14 2.1D-15 5.3D-16 9.1D-17
 1.3D-11 8.2D-11 1.6D-09 7.6D-11 6.4D-12 5.2D-13 7.0D-14 1.4D-14 2.3D-15 3.6D-16
 7.9D-13 5.0D-12 5.5D-11 1.6D-09 7.0D-11 5.6D-12 4.5D-13 6.3D-14 1.2D-14 1.6D-15
 5.4D-14 2.2D-13 2.5D-12 3.8D-11 1.7D-09 6.1D-11 4.5D-12 3.7D-13 5.2D-14 6.7D-15
 3.4D-15 1.2D-14 8.5D-14 1.2D-12 2.6D-11 1.7D-09 5.1D-11 3.5D-12 3.0D-13 3.4D-14
 2.0D-16 7.6D-16 3.8D-15 3.3D-14 6.2D-13 1.7D-11 1.7D-09 4.3D-11 2.7D-12 2.0D-13
 1.7D-17 3.2D-17 2.0D-16 1.2D-15 1.4D-14 3.1D-13 1.1D-11 1.7D-09 3.5D-11 1.8D-12
 7.8D-19 1.8D-18 7.0D-18 5.0D-17 4.1D-16 5.7D-15 1.5D-13 7.7D-12 1.7D-09 2.7D-11
 2.5D-20 5.4D-20 2.0D-19 1.2D-18 9.6D-18 1.2D-16 2.1D-15 6.9D-14 4.8D-12 1.7D-09



T = 600. K
 ( 0, 0) ( 0, 1) ( 0, 2) ( 0, 3) ( 0, 4) ( 0, 5) ( 0, 6) ( 0, 7) ( 0, 8) ( 0, 9)
 1.6D-09 6.4D-11 5.3D-12 4.5D-13 5.9D-14 9.1D-15 1.6D-15 5.2D-16 1.1D-16 2.0D-17
 1.6D-10 1.6D-09 7.8D-11 6.7D-12 5.7D-13 7.8D-14 1.5D-14 2.4D-15 6.0D-16 1.0D-16
 1.4D-11 8.5D-11 1.6D-09 7.9D-11 6.7D-12 5.6D-13 7.8D-14 1.5D-14 2.6D-15 4.1D-16
 8.8D-13 5.4D-12 5.8D-11 1.7D-09 7.2D-11 5.9D-12 4.9D-13 7.0D-14 1.3D-14 1.8D-15
 6.4D-14 2.5D-13 2.7D-12 4.0D-11 1.7D-09 6.3D-11 4.8D-12 4.0D-13 5.8D-14 7.5D-15
 4.2D-15 1.5D-14 1.0D-13 1.4D-12 2.7D-11 1.7D-09 5.3D-11 3.7D-12 3.2D-13 3.8D-14
 2.6D-16 9.7D-16 4.7D-15 4.0D-14 7.1D-13 1.8D-11 1.7D-09 4.5D-11 2.8D-12 2.2D-13
 2.3D-17 4.5D-17 2.6D-16 1.6D-15 1.7D-14 3.6D-13 1.2D-11 1.7D-09 3.7D-11 1.9D-12
 1.1D-18 2.6D-18 1.0D-17 6.9D-17 5.6D-16 7.2D-15 1.8D-13 8.5D-12 1.7D-09 2.8D-11
 3.9D-20 8.4D-20 3.1D-19 1.8D-18 1.4D-17 1.6D-16 2.7D-15 8.2D-14 5.4D-12 1.8D-09



T = 620. K
 ( 0, 0) ( 0, 1) ( 0, 2) ( 0, 3) ( 0, 4) ( 0, 5) ( 0, 6) ( 0, 7) ( 0, 8) ( 0, 9)
 1.6D-09 6.6D-11 5.6D-12 4.8D-13 6.4D-14 1.0D-14 1.8D-15 5.8D-16 1.2D-16 2.3D-17
 1.6D-10 1.6D-09 8.0D-11 7.0D-12 6.1D-13 8.6D-14 1.6D-14 2.7D-15 6.9D-16 1.2D-16
 1.5D-11 8.9D-11 1.6D-09 8.1D-11 7.0D-12 6.1D-13 8.6D-14 1.7D-14 2.9D-15 4.7D-16
 9.8D-13 5.9D-12 6.1D-11 1.7D-09 7.5D-11 6.2D-12 5.3D-13 7.8D-14 1.4D-14 2.0D-15
 7.5D-14 2.9D-13 3.0D-12 4.2D-11 1.7D-09 6.6D-11 5.1D-12 4.4D-13 6.5D-14 8.5D-15
 5.2D-15 1.8D-14 1.2D-13 1.6D-12 2.9D-11 1.7D-09 5.5D-11 4.0D-12 3.5D-13 4.3D-14
 3.4D-16 1.2D-15 5.9D-15 4.8D-14 8.1D-13 2.0D-11 1.7D-09 4.7D-11 3.0D-12 2.4D-13
 3.2D-17 6.1D-17 3.4D-16 2.1D-15 2.0D-14 4.1D-13 1.4D-11 1.8D-09 3.9D-11 2.0D-12
 1.6D-18 3.7D-18 1.4D-17 9.3D-17 7.3D-16 8.9D-15 2.1D-13 9.3D-12 1.8D-09 2.9D-11
 6.1D-20 1.3D-19 4.6D-19 2.7D-18 1.9D-17 2.2D-16 3.5D-15 9.7D-14 5.9D-12 1.8D-09



T = 640. K
 ( 0, 0) ( 0, 1) ( 0, 2) ( 0, 3) ( 0, 4) ( 0, 5) ( 0, 6) ( 0, 7) ( 0, 8) ( 0, 9)
 1.6D-09 6.8D-11 5.8D-12 5.1D-13 7.0D-14 1.1D-14 2.1D-15 6.6D-16 1.4D-16 2.7D-17
 1.7D-10 1.6D-09 8.2D-11 7.4D-12 6.5D-13 9.5D-14 1.8D-14 3.1D-15 7.8D-16 1.3D-16
 1.6D-11 9.2D-11 1.7D-09 8.3D-11 7.3D-12 6.5D-13 9.5D-14 1.9D-14 3.3D-15 5.3D-16
 1.1D-12 6.3D-12 6.4D-11 1.7D-09 7.7D-11 6.5D-12 5.7D-13 8.6D-14 1.6D-14 2.3D-15
 8.7D-14 3.3D-13 3.3D-12 4.5D-11 1.7D-09 6.8D-11 5.3D-12 4.8D-13 7.2D-14 9.5D-15
 6.3D-15 2.2D-14 1.3D-13 1.7D-12 3.1D-11 1.7D-09 5.7D-11 4.2D-12 3.8D-13 4.7D-14
 4.4D-16 1.5D-15 7.3D-15 5.7D-14 9.1D-13 2.1D-11 1.8D-09 4.8D-11 3.2D-12 2.6D-13
 4.2D-17 8.1D-17 4.4D-16 2.6D-15 2.5D-14 4.7D-13 1.5D-11 1.8D-09 4.0D-11 2.1D-12
 2.3D-18 5.2D-18 2.0D-17 1.2D-16 9.6D-16 1.1D-14 2.5D-13 1.0D-11 1.8D-09 3.1D-11
 9.3D-20 1.9D-19 6.8D-19 3.8D-18 2.7D-17 2.9D-16 4.4D-15 1.1D-13 6.5D-12 1.8D-09



T = 660. K
 ( 0, 0) ( 0, 1) ( 0, 2) ( 0, 3) ( 0, 4) ( 0, 5) ( 0, 6) ( 0, 7) ( 0, 8) ( 0, 9)
 1.6D-09 6.9D-11 6.1D-12 5.4D-13 7.7D-14 1.2D-14 2.3D-15 7.4D-16 1.6D-16 3.1D-17
 1.7D-10 1.7D-09 8.4D-11 7.7D-12 6.9D-13 1.0D-13 2.0D-14 3.5D-15 8.8D-16 1.5D-16
 1.7D-11 9.6D-11 1.7D-09 8.5D-11 7.6D-12 7.0D-13 1.0D-13 2.1D-14 3.7D-15 6.0D-16
 1.2D-12 6.8D-12 6.7D-11 1.7D-09 7.9D-11 6.8D-12 6.1D-13 9.5D-14 1.8D-14 2.6D-15
 1.0D-13 3.7D-13 3.6D-12 4.7D-11 1.7D-09 7.0D-11 5.6D-12 5.1D-13 8.0D-14 1.1D-14
 7.6D-15 2.6D-14 1.6D-13 1.9D-12 3.3D-11 1.8D-09 5.9D-11 4.4D-12 4.2D-13 5.2D-14
 5.6D-16 1.9D-15 8.9D-15 6.7D-14 1.0D-12 2.3D-11 1.8D-09 5.0D-11 3.4D-12 2.9D-13
 5.6D-17 1.1D-16 5.7D-16 3.3D-15 3.0D-14 5.4D-13 1.6D-11 1.8D-09 4.2D-11 2.2D-12
 3.2D-18 7.2D-18 2.7D-17 1.6D-16 1.2D-15 1.4D-14 2.8D-13 1.1D-11 1.8D-09 3.2D-11
 1.4D-19 2.8D-19 9.8D-19 5.5D-18 3.7D-17 3.8D-16 5.4D-15 1.3D-13 7.2D-12 1.8D-09



T = 680. K
 ( 0, 0) ( 0, 1) ( 0, 2) ( 0, 3) ( 0, 4) ( 0, 5) ( 0, 6) ( 0, 7) ( 0, 8) ( 0, 9)
 1.7D-09 7.1D-11 6.3D-12 5.8D-13 8.4D-14 1.3D-14 2.6D-15 8.2D-16 1.8D-16 3.5D-17
 1.8D-10 1.7D-09 8.6D-11 8.0D-12 7.4D-13 1.1D-13 2.2D-14 3.9D-15 1.0D-15 1.8D-16
 1.8D-11 9.9D-11 1.7D-09 8.7D-11 8.0D-12 7.4D-13 1.1D-13 2.3D-14 4.2D-15 6.8D-16
 1.3D-12 7.3D-12 7.0D-11 1.7D-09 8.1D-11 7.1D-12 6.6D-13 1.0D-13 2.0D-14 3.0D-15
 1.2D-13 4.1D-13 3.9D-12 5.0D-11 1.7D-09 7.2D-11 5.9D-12 5.5D-13 8.8D-14 1.2D-14
 9.1D-15 3.1D-14 1.8D-13 2.1D-12 3.5D-11 1.8D-09 6.1D-11 4.6D-12 4.5D-13 5.8D-14
 7.1D-16 2.4D-15 1.1D-14 7.8D-14 1.1D-12 2.4D-11 1.8D-09 5.2D-11 3.6D-12 3.1D-13
 7.3D-17 1.4D-16 7.2D-16 4.1D-15 3.5D-14 6.1D-13 1.7D-11 1.8D-09 4.3D-11 2.4D-12
 4.3D-18 9.9D-18 3.7D-17 2.2D-16 1.6D-15 1.6D-14 3.3D-13 1.2D-11 1.8D-09 3.3D-11
 2.0D-19 4.1D-19 1.4D-18 7.6D-18 5.0D-17 4.9D-16 6.7D-15 1.5D-13 7.8D-12 1.8D-09



T = 700. K
 ( 0, 0) ( 0, 1) ( 0, 2) ( 0, 3) ( 0, 4) ( 0, 5) ( 0, 6) ( 0, 7) ( 0, 8) ( 0, 9)
 1.7D-09 7.3D-11 6.6D-12 6.1D-13 9.1D-14 1.5D-14 3.0D-15 9.2D-16 2.0D-16 4.0D-17
 1.8D-10 1.7D-09 8.8D-11 8.3D-12 7.9D-13 1.2D-13 2.4D-14 4.4D-15 1.1D-15 2.0D-16
 1.9D-11 1.0D-10 1.7D-09 8.9D-11 8.3D-12 7.9D-13 1.3D-13 2.5D-14 4.8D-15 7.7D-16
 1.4D-12 7.8D-12 7.2D-11 1.7D-09 8.3D-11 7.4D-12 7.1D-13 1.1D-13 2.2D-14 3.4D-15
 1.3D-13 4.6D-13 4.2D-12 5.2D-11 1.8D-09 7.4D-11 6.1D-12 5.9D-13 9.7D-14 1.3D-14
 1.1D-14 3.6D-14 2.0D-13 2.3D-12 3.7D-11 1.8D-09 6.3D-11 4.9D-12 4.9D-13 6.4D-14
 8.9D-16 2.9D-15 1.3D-14 9.1D-14 1.3D-12 2.6D-11 1.8D-09 5.4D-11 3.8D-12 3.3D-13
 9.5D-17 1.8D-16 9.0D-16 5.0D-15 4.2D-14 6.8D-13 1.8D-11 1.8D-09 4.5D-11 2.5D-12
 5.9D-18 1.3D-17 4.9D-17 2.8D-16 2.0D-15 2.0D-14 3.7D-13 1.3D-11 1.8D-09 3.5D-11
 3.0D-19 5.8D-19 2.0D-18 1.1D-17 6.6D-17 6.3D-16 8.1D-15 1.8D-13 8.5D-12 1.9D-09



T = 720. K
 ( 0, 0) ( 0, 1) ( 0, 2) ( 0, 3) ( 0, 4) ( 0, 5) ( 0, 6) ( 0, 7) ( 0, 8) ( 0, 9)
 1.7D-09 7.4D-11 6.8D-12 6.5D-13 9.9D-14 1.6D-14 3.3D-15 1.0D-15 2.2D-16 4.6D-17
 1.9D-10 1.7D-09 9.0D-11 8.7D-12 8.4D-13 1.3D-13 2.6D-14 5.0D-15 1.3D-15 2.3D-16
 2.0D-11 1.1D-10 1.7D-09 9.1D-11 8.6D-12 8.4D-13 1.4D-13 2.8D-14 5.3D-15 8.7D-16
 1.6D-12 8.3D-12 7.5D-11 1.8D-09 8.5D-11 7.7D-12 7.6D-13 1.3D-13 2.4D-14 3.8D-15
 1.5D-13 5.1D-13 4.5D-12 5.4D-11 1.8D-09 7.6D-11 6.4D-12 6.4D-13 1.1D-13 1.5D-14
 1.3D-14 4.2D-14 2.3D-13 2.5D-12 3.9D-11 1.8D-09 6.5D-11 5.1D-12 5.2D-13 7.0D-14
 1.1D-15 3.5D-15 1.6D-14 1.0D-13 1.4D-12 2.8D-11 1.8D-09 5.6D-11 4.0D-12 3.6D-13
 1.2D-16 2.3D-16 1.1D-15 6.1D-15 4.9D-14 7.6D-13 2.0D-11 1.9D-09 4.7D-11 2.6D-12
 7.9D-18 1.8D-17 6.5D-17 3.5D-16 2.5D-15 2.3D-14 4.2D-13 1.4D-11 1.9D-09 3.6D-11
 4.2D-19 8.2D-19 2.7D-18 1.4D-17 8.7D-17 8.0D-16 9.8D-15 2.0D-13 9.2D-12 1.9D-09



T = 740. K
 ( 0, 0) ( 0, 1) ( 0, 2) ( 0, 3) ( 0, 4) ( 0, 5) ( 0, 6) ( 0, 7) ( 0, 8) ( 0, 9)
 1.7D-09 7.6D-11 7.1D-12 6.9D-13 1.1D-13 1.8D-14 3.7D-15 1.1D-15 2.5D-16 5.3D-17
 1.9D-10 1.7D-09 9.2D-11 9.0D-12 8.9D-13 1.5D-13 2.9D-14 5.6D-15 1.4D-15 2.6D-16
 2.1D-11 1.1D-10 1.7D-09 9.3D-11 8.9D-12 9.0D-13 1.5D-13 3.0D-14 6.0D-15 9.8D-16
 1.7D-12 8.9D-12 7.8D-11 1.8D-09 8.7D-11 8.0D-12 8.1D-13 1.4D-13 2.7D-14 4.3D-15
 1.7D-13 5.7D-13 4.9D-12 5.7D-11 1.8D-09 7.8D-11 6.7D-12 6.8D-13 1.2D-13 1.6D-14
 1.5D-14 4.9D-14 2.6D-13 2.7D-12 4.1D-11 1.8D-09 6.7D-11 5.4D-12 5.6D-13 7.6D-14
 1.4D-15 4.2D-15 1.8D-14 1.2D-13 1.5D-12 2.9D-11 1.9D-09 5.7D-11 4.2D-12 3.9D-13
 1.5D-16 3.0D-16 1.4D-15 7.4D-15 5.7D-14 8.5D-13 2.1D-11 1.9D-09 4.8D-11 2.8D-12
 1.0D-17 2.4D-17 8.4D-17 4.5D-16 3.0D-15 2.8D-14 4.7D-13 1.5D-11 1.9D-09 3.7D-11
 5.9D-19 1.1D-18 3.7D-18 1.9D-17 1.1D-16 1.0D-15 1.2D-14 2.3D-13 1.0D-11 1.9D-09



T = 760. K
 ( 0, 0) ( 0, 1) ( 0, 2) ( 0, 3) ( 0, 4) ( 0, 5) ( 0, 6) ( 0, 7) ( 0, 8) ( 0, 9)
 1.7D-09 7.7D-11 7.3D-12 7.3D-13 1.2D-13 2.0D-14 4.2D-15 1.3D-15 2.8D-16 6.0D-17
 2.0D-10 1.7D-09 9.4D-11 9.3D-12 9.4D-13 1.6D-13 3.1D-14 6.2D-15 1.6D-15 2.9D-16
 2.2D-11 1.1D-10 1.8D-09 9.5D-11 9.3D-12 9.5D-13 1.6D-13 3.3D-14 6.7D-15 1.1D-15
 1.9D-12 9.4D-12 8.1D-11 1.8D-09 8.9D-11 8.3D-12 8.6D-13 1.5D-13 2.9D-14 4.8D-15
 2.0D-13 6.3D-13 5.2D-12 5.9D-11 1.8D-09 8.0D-11 7.0D-12 7.3D-13 1.3D-13 1.8D-14
 1.8D-14 5.7D-14 2.9D-13 3.0D-12 4.3D-11 1.8D-09 6.9D-11 5.6D-12 6.0D-13 8.3D-14
 1.7D-15 5.0D-15 2.2D-14 1.4D-13 1.7D-12 3.1D-11 1.9D-09 5.9D-11 4.4D-12 4.1D-13
 1.9D-16 3.7D-16 1.7D-15 8.9D-15 6.6D-14 9.4D-13 2.2D-11 1.9D-09 5.0D-11 2.9D-12
 1.4D-17 3.1D-17 1.1D-16 5.6D-16 3.7D-15 3.3D-14 5.3D-13 1.6D-11 1.9D-09 3.9D-11
 8.2D-19 1.6D-18 5.0D-18 2.6D-17 1.5D-16 1.3D-15 1.4D-14 2.6D-13 1.1D-11 1.9D-09



T = 780. K
 ( 0, 0) ( 0, 1) ( 0, 2) ( 0, 3) ( 0, 4) ( 0, 5) ( 0, 6) ( 0, 7) ( 0, 8) ( 0, 9)
 1.7D-09 7.9D-11 7.6D-12 7.7D-13 1.3D-13 2.1D-14 4.6D-15 1.4D-15 3.1D-16 6.8D-17
 2.0D-10 1.8D-09 9.6D-11 9.6D-12 9.9D-13 1.7D-13 3.4D-14 6.9D-15 1.8D-15 3.3D-16
 2.3D-11 1.2D-10 1.8D-09 9.7D-11 9.6D-12 1.0D-12 1.8D-13 3.6D-14 7.5D-15 1.2D-15
 2.0D-12 9.9D-12 8.3D-11 1.8D-09 9.1D-11 8.6D-12 9.1D-13 1.6D-13 3.2D-14 5.4D-15
 2.2D-13 6.9D-13 5.6D-12 6.2D-11 1.8D-09 8.2D-11 7.3D-12 7.8D-13 1.4D-13 2.0D-14
 2.1D-14 6.5D-14 3.2D-13 3.2D-12 4.5D-11 1.9D-09 7.1D-11 5.8D-12 6.5D-13 9.1D-14
 2.1D-15 6.0D-15 2.5D-14 1.5D-13 1.8D-12 3.3D-11 1.9D-09 6.1D-11 4.6D-12 4.4D-13
 2.4D-16 4.7D-16 2.0D-15 1.1D-14 7.6D-14 1.0D-12 2.4D-11 1.9D-09 5.2D-11 3.1D-12
 1.8D-17 4.0D-17 1.4D-16 7.0D-16 4.5D-15 3.8D-14 5.9D-13 1.7D-11 1.9D-09 4.0D-11
 1.1D-18 2.1D-18 6.7D-18 3.4D-17 1.9D-16 1.5D-15 1.6D-14 2.9D-13 1.2D-11 1.9D-09



T = 800. K
 ( 0, 0) ( 0, 1) ( 0, 2) ( 0, 3) ( 0, 4) ( 0, 5) ( 0, 6) ( 0, 7) ( 0, 8) ( 0, 9)
 1.8D-09 8.0D-11 7.8D-12 8.1D-13 1.4D-13 2.3D-14 5.2D-15 1.6D-15 3.5D-16 7.8D-17
 2.1D-10 1.8D-09 9.8D-11 1.0D-11 1.0D-12 1.8D-13 3.7D-14 7.7D-15 2.0D-15 3.7D-16
 2.4D-11 1.2D-10 1.8D-09 9.9D-11 1.0D-11 1.1D-12 1.9D-13 3.9D-14 8.4D-15 1.4D-15
 2.2D-12 1.0D-11 8.6D-11 1.8D-09 9.3D-11 8.9D-12 9.7D-13 1.8D-13 3.5D-14 6.0D-15
 2.5D-13 7.5D-13 5.9D-12 6.4D-11 1.8D-09 8.4D-11 7.5D-12 8.3D-13 1.5D-13 2.2D-14
 2.4D-14 7.4D-14 3.6D-13 3.4D-12 4.7D-11 1.9D-09 7.3D-11 6.1D-12 6.9D-13 9.9D-14
 2.5D-15 7.0D-15 3.0D-14 1.7D-13 2.0D-12 3.4D-11 1.9D-09 6.3D-11 4.8D-12 4.8D-13
 3.0D-16 5.8D-16 2.4D-15 1.3D-14 8.6D-14 1.1D-12 2.5D-11 1.9D-09 5.3D-11 3.2D-12
 2.3D-17 5.1D-17 1.8D-16 8.6D-16 5.4D-15 4.4D-14 6.5D-13 1.8D-11 1.9D-09 4.1D-11
 1.5D-18 2.9D-18 8.8D-18 4.4D-17 2.3D-16 1.9D-15 1.9D-14 3.3D-13 1.2D-11 2.0D-09



T = 820. K
 ( 0, 0) ( 0, 1) ( 0, 2) ( 0, 3) ( 0, 4) ( 0, 5) ( 0, 6) ( 0, 7) ( 0, 8) ( 0, 9)
 1.8D-09 8.2D-11 8.1D-12 8.5D-13 1.5D-13 2.5D-14 5.7D-15 1.7D-15 3.9D-16 8.8D-17
 2.1D-10 1.8D-09 1.0D-10 1.0D-11 1.1D-12 2.0D-13 4.0D-14 8.6D-15 2.2D-15 4.2D-16
 2.5D-11 1.2D-10 1.8D-09 1.0D-10 1.0D-11 1.1D-12 2.0D-13 4.3D-14 9.3D-15 1.6D-15
 2.3D-12 1.1D-11 8.9D-11 1.8D-09 9.5D-11 9.3D-12 1.0D-12 1.9D-13 3.8D-14 6.7D-15
 2.8D-13 8.2D-13 6.3D-12 6.6D-11 1.9D-09 8.6D-11 7.8D-12 8.8D-13 1.6D-13 2.4D-14
 2.8D-14 8.5D-14 3.9D-13 3.7D-12 4.9D-11 1.9D-09 7.5D-11 6.3D-12 7.4D-13 1.1D-13
 3.0D-15 8.2D-15 3.4D-14 1.9D-13 2.1D-12 3.6D-11 1.9D-09 6.5D-11 5.0D-12 5.1D-13
 3.7D-16 7.1D-16 2.9D-15 1.5D-14 9.8D-14 1.2D-12 2.6D-11 2.0D-09 5.5D-11 3.3D-12
 3.0D-17 6.5D-17 2.2D-16 1.1D-15 6.5D-15 5.1D-14 7.2D-13 1.9D-11 2.0D-09 4.3D-11
 2.0D-18 3.8D-18 1.1D-17 5.6D-17 2.9D-16 2.3D-15 2.3D-14 3.6D-13 1.3D-11 2.0D-09



T = 840. K
 ( 0, 0) ( 0, 1) ( 0, 2) ( 0, 3) ( 0, 4) ( 0, 5) ( 0, 6) ( 0, 7) ( 0, 8) ( 0, 9)
 1.8D-09 8.3D-11 8.3D-12 8.9D-13 1.6D-13 2.8D-14 6.3D-15 1.9D-15 4.4D-16 9.9D-17
 2.1D-10 1.8D-09 1.0D-10 1.1D-11 1.2D-12 2.1D-13 4.4D-14 9.5D-15 2.5D-15 4.8D-16
 2.6D-11 1.2D-10 1.8D-09 1.0D-10 1.1D-11 1.2D-12 2.2D-13 4.7D-14 1.0D-14 1.7D-15
 2.5D-12 1.2D-11 9.1D-11 1.9D-09 9.7D-11 9.6D-12 1.1D-12 2.1D-13 4.2D-14 7.4D-15
 3.1D-13 9.0D-13 6.7D-12 6.9D-11 1.9D-09 8.8D-11 8.1D-12 9.4D-13 1.8D-13 2.7D-14
 3.2D-14 9.6D-14 4.3D-13 3.9D-12 5.1D-11 1.9D-09 7.7D-11 6.6D-12 7.8D-13 1.2D-13
 3.6D-15 9.6D-15 3.9D-14 2.2D-13 2.3D-12 3.8D-11 1.9D-09 6.6D-11 5.2D-12 5.4D-13
 4.6D-16 8.7D-16 3.5D-15 1.7D-14 1.1D-13 1.4D-12 2.8D-11 2.0D-09 5.7D-11 3.5D-12
 3.8D-17 8.3D-17 2.8D-16 1.3D-15 7.7D-15 5.8D-14 7.9D-13 2.1D-11 2.0D-09 4.4D-11
 2.7D-18 5.0D-18 1.5D-17 7.2D-17 3.6D-16 2.7D-15 2.6D-14 4.0D-13 1.4D-11 2.0D-09



T = 860. K
 ( 0, 0) ( 0, 1) ( 0, 2) ( 0, 3) ( 0, 4) ( 0, 5) ( 0, 6) ( 0, 7) ( 0, 8) ( 0, 9)
 1.8D-09 8.5D-11 8.6D-12 9.4D-13 1.7D-13 3.0D-14 7.0D-15 2.1D-15 4.9D-16 1.1D-16
 2.2D-10 1.8D-09 1.0D-10 1.1D-11 1.2D-12 2.3D-13 4.8D-14 1.1D-14 2.8D-15 5.4D-16
 2.8D-11 1.3D-10 1.8D-09 1.0D-10 1.1D-11 1.3D-12 2.4D-13 5.1D-14 1.1D-14 1.9D-15
 2.7D-12 1.2D-11 9.4D-11 1.9D-09 9.9D-11 9.9D-12 1.1D-12 2.2D-13 4.6D-14 8.3D-15
 3.5D-13 9.7D-13 7.1D-12 7.1D-11 1.9D-09 9.0D-11 8.4D-12 9.9D-13 1.9D-13 2.9D-14
 3.6D-14 1.1D-13 4.8D-13 4.2D-12 5.3D-11 1.9D-09 7.9D-11 6.9D-12 8.3D-13 1.3D-13
 4.2D-15 1.1D-14 4.5D-14 2.4D-13 2.5D-12 3.9D-11 2.0D-09 6.8D-11 5.4D-12 5.8D-13
 5.5D-16 1.1D-15 4.1D-15 2.0D-14 1.3D-13 1.5D-12 2.9D-11 2.0D-09 5.8D-11 3.7D-12
 4.8D-17 1.0D-16 3.5D-16 1.5D-15 9.1D-15 6.6D-14 8.7D-13 2.2D-11 2.0D-09 4.5D-11
 3.5D-18 6.5D-18 1.9D-17 9.1D-17 4.5D-16 3.3D-15 3.0D-14 4.4D-13 1.5D-11 2.0D-09



T = 880. K
 ( 0, 0) ( 0, 1) ( 0, 2) ( 0, 3) ( 0, 4) ( 0, 5) ( 0, 6) ( 0, 7) ( 0, 8) ( 0, 9)
 1.8D-09 8.6D-11 8.9D-12 9.8D-13 1.8D-13 3.2D-14 7.7D-15 2.3D-15 5.5D-16 1.3D-16
 2.2D-10 1.8D-09 1.0D-10 1.1D-11 1.3D-12 2.5D-13 5.1D-14 1.2D-14 3.1D-15 6.0D-16
 2.9D-11 1.3D-10 1.9D-09 1.1D-10 1.1D-11 1.3D-12 2.5D-13 5.5D-14 1.3D-14 2.1D-15
 2.9D-12 1.3D-11 9.7D-11 1.9D-09 1.0D-10 1.0D-11 1.2D-12 2.4D-13 5.0D-14 9.1D-15
 3.8D-13 1.1D-12 7.4D-12 7.3D-11 1.9D-09 9.2D-11 8.7D-12 1.0D-12 2.1D-13 3.2D-14
 4.1D-14 1.2D-13 5.2D-13 4.5D-12 5.5D-11 1.9D-09 8.1D-11 7.1D-12 8.8D-13 1.4D-13
 5.0D-15 1.3D-14 5.1D-14 2.7D-13 2.7D-12 4.1D-11 2.0D-09 7.0D-11 5.7D-12 6.1D-13
 6.7D-16 1.3D-15 4.8D-15 2.3D-14 1.4D-13 1.6D-12 3.1D-11 2.0D-09 6.0D-11 3.8D-12
 6.0D-17 1.3D-16 4.3D-16 1.8D-15 1.1D-14 7.5D-14 9.5D-13 2.3D-11 2.0D-09 4.7D-11
 4.6D-18 8.5D-18 2.4D-17 1.1D-16 5.5D-16 3.9D-15 3.4D-14 4.9D-13 1.6D-11 2.0D-09



T = 900. K
 ( 0, 0) ( 0, 1) ( 0, 2) ( 0, 3) ( 0, 4) ( 0, 5) ( 0, 6) ( 0, 7) ( 0, 8) ( 0, 9)
 1.8D-09 8.7D-11 9.1D-12 1.0D-12 1.9D-13 3.5D-14 8.5D-15 2.6D-15 6.1D-16 1.4D-16
 2.3D-10 1.8D-09 1.1D-10 1.2D-11 1.3D-12 2.6D-13 5.6D-14 1.3D-14 3.4D-15 6.7D-16
 3.0D-11 1.3D-10 1.9D-09 1.1D-10 1.2D-11 1.4D-12 2.7D-13 5.9D-14 1.4D-14 2.4D-15
 3.1D-12 1.3D-11 9.9D-11 1.9D-09 1.0D-10 1.1D-11 1.3D-12 2.6D-13 5.4D-14 1.0D-14
 4.2D-13 1.1D-12 7.8D-12 7.6D-11 1.9D-09 9.4D-11 9.0D-12 1.1D-12 2.2D-13 3.5D-14
 4.7D-14 1.4D-13 5.7D-13 4.7D-12 5.7D-11 2.0D-09 8.3D-11 7.4D-12 9.4D-13 1.5D-13
 5.9D-15 1.5D-14 5.8D-14 3.0D-13 2.9D-12 4.3D-11 2.0D-09 7.2D-11 5.9D-12 6.5D-13
 8.0D-16 1.5D-15 5.6D-15 2.7D-14 1.6D-13 1.7D-12 3.2D-11 2.0D-09 6.2D-11 4.0D-12
 7.5D-17 1.6D-16 5.2D-16 2.2D-15 1.2D-14 8.5D-14 1.0D-12 2.4D-11 2.0D-09 4.8D-11
 5.9D-18 1.1D-17 3.1D-17 1.4D-16 6.7D-16 4.6D-15 3.9D-14 5.4D-13 1.7D-11 2.1D-09



T = 920. K
 ( 0, 0) ( 0, 1) ( 0, 2) ( 0, 3) ( 0, 4) ( 0, 5) ( 0, 6) ( 0, 7) ( 0, 8) ( 0, 9)
 1.8D-09 8.9D-11 9.4D-12 1.1D-12 2.1D-13 3.8D-14 9.3D-15 2.8D-15 6.8D-16 1.6D-16
 2.3D-10 1.9D-09 1.1D-10 1.2D-11 1.4D-12 2.8D-13 6.0D-14 1.4D-14 3.7D-15 7.5D-16
 3.1D-11 1.4D-10 1.9D-09 1.1D-10 1.2D-11 1.5D-12 2.9D-13 6.4D-14 1.5D-14 2.6D-15
 3.3D-12 1.4D-11 1.0D-10 1.9D-09 1.1D-10 1.1D-11 1.3D-12 2.7D-13 5.8D-14 1.1D-14
 4.7D-13 1.2D-12 8.2D-12 7.8D-11 1.9D-09 9.6D-11 9.3D-12 1.2D-12 2.4D-13 3.8D-14
 5.3D-14 1.5D-13 6.2D-13 5.0D-12 5.9D-11 2.0D-09 8.5D-11 7.7D-12 9.9D-13 1.6D-13
 6.9D-15 1.7D-14 6.6D-14 3.3D-13 3.1D-12 4.5D-11 2.0D-09 7.3D-11 6.1D-12 6.9D-13
 9.6D-16 1.8D-15 6.6D-15 3.0D-14 1.8D-13 1.9D-12 3.4D-11 2.0D-09 6.3D-11 4.1D-12
 9.3D-17 1.9D-16 6.3D-16 2.6D-15 1.4D-14 9.6D-14 1.1D-12 2.5D-11 2.0D-09 5.0D-11
 7.6D-18 1.4D-17 3.8D-17 1.8D-16 8.0D-16 5.4D-15 4.5D-14 5.8D-13 1.8D-11 2.1D-09



T = 940. K
 ( 0, 0) ( 0, 1) ( 0, 2) ( 0, 3) ( 0, 4) ( 0, 5) ( 0, 6) ( 0, 7) ( 0, 8) ( 0, 9)
 1.8D-09 9.0D-11 9.6D-12 1.1D-12 2.2D-13 4.1D-14 1.0D-14 3.1D-15 7.6D-16 1.8D-16
 2.4D-10 1.9D-09 1.1D-10 1.2D-11 1.5D-12 3.0D-13 6.4D-14 1.5D-14 4.1D-15 8.4D-16
 3.2D-11 1.4D-10 1.9D-09 1.1D-10 1.2D-11 1.5D-12 3.1D-13 6.9D-14 1.7D-14 2.9D-15
 3.5D-12 1.5D-11 1.0D-10 1.9D-09 1.1D-10 1.1D-11 1.4D-12 2.9D-13 6.3D-14 1.2D-14
 5.1D-13 1.3D-12 8.7D-12 8.0D-11 2.0D-09 9.8D-11 9.6D-12 1.2D-12 2.6D-13 4.1D-14
 6.0D-14 1.7D-13 6.7D-13 5.3D-12 6.1D-11 2.0D-09 8.6D-11 7.9D-12 1.0D-12 1.7D-13
 8.1D-15 1.9D-14 7.4D-14 3.6D-13 3.3D-12 4.6D-11 2.0D-09 7.5D-11 6.4D-12 7.3D-13
 1.1D-15 2.2D-15 7.6D-15 3.5D-14 1.9D-13 2.0D-12 3.5D-11 2.0D-09 6.5D-11 4.3D-12
 1.1D-16 2.4D-16 7.6D-16 3.1D-15 1.7D-14 1.1D-13 1.2D-12 2.7D-11 2.1D-09 5.1D-11
 9.7D-18 1.7D-17 4.8D-17 2.1D-16 9.6D-16 6.2D-15 5.1D-14 6.4D-13 1.8D-11 2.1D-09



T = 960. K
 ( 0, 0) ( 0, 1) ( 0, 2) ( 0, 3) ( 0, 4) ( 0, 5) ( 0, 6) ( 0, 7) ( 0, 8) ( 0, 9)
 1.9D-09 9.1D-11 9.9D-12 1.2D-12 2.3D-13 4.4D-14 1.1D-14 3.4D-15 8.4D-16 2.0D-16
 2.4D-10 1.9D-09 1.1D-10 1.3D-11 1.5D-12 3.2D-13 6.9D-14 1.7D-14 4.5D-15 9.3D-16
 3.3D-11 1.4D-10 1.9D-09 1.1D-10 1.3D-11 1.6D-12 3.3D-13 7.4D-14 1.9D-14 3.2D-15
 3.7D-12 1.5D-11 1.1D-10 1.9D-09 1.1D-10 1.2D-11 1.5D-12 3.1D-13 6.8D-14 1.3D-14
 5.6D-13 1.4D-12 9.1D-12 8.3D-11 2.0D-09 1.0D-10 9.9D-12 1.3D-12 2.8D-13 4.5D-14
 6.7D-14 1.9D-13 7.3D-13 5.6D-12 6.3D-11 2.0D-09 8.8D-11 8.2D-12 1.1D-12 1.8D-13
 9.3D-15 2.2D-14 8.3D-14 3.9D-13 3.5D-12 4.8D-11 2.0D-09 7.7D-11 6.6D-12 7.7D-13
 1.3D-15 2.6D-15 8.7D-15 3.9D-14 2.1D-13 2.1D-12 3.7D-11 2.1D-09 6.7D-11 4.5D-12
 1.4D-16 2.9D-16 9.2D-16 3.6D-15 1.9D-14 1.2D-13 1.3D-12 2.8D-11 2.1D-09 5.2D-11
 1.2D-17 2.2D-17 5.9D-17 2.6D-16 1.1D-15 7.2D-15 5.7D-14 6.9D-13 1.9D-11 2.1D-09



T = 980. K
 ( 0, 0) ( 0, 1) ( 0, 2) ( 0, 3) ( 0, 4) ( 0, 5) ( 0, 6) ( 0, 7) ( 0, 8) ( 0, 9)
 1.9D-09 9.3D-11 1.0D-11 1.2D-12 2.5D-13 4.7D-14 1.2D-14 3.7D-15 9.3D-16 2.2D-16
 2.4D-10 1.9D-09 1.1D-10 1.3D-11 1.6D-12 3.4D-13 7.4D-14 1.9D-14 5.0D-15 1.0D-15
 3.4D-11 1.5D-10 1.9D-09 1.2D-10 1.3D-11 1.7D-12 3.5D-13 7.9D-14 2.0D-14 3.5D-15
 3.9D-12 1.6D-11 1.1D-10 2.0D-09 1.1D-10 1.2D-11 1.5D-12 3.3D-13 7.3D-14 1.5D-14
 6.1D-13 1.5D-12 9.5D-12 8.5D-11 2.0D-09 1.0D-10 1.0D-11 1.4D-12 2.9D-13 4.8D-14
 7.5D-14 2.1D-13 7.8D-13 5.9D-12 6.5D-11 2.0D-09 9.0D-11 8.5D-12 1.2D-12 1.9D-13
 1.1D-14 2.5D-14 9.2D-14 4.3D-13 3.7D-12 5.0D-11 2.0D-09 7.9D-11 6.8D-12 8.2D-13
 1.6D-15 3.0D-15 1.0D-14 4.4D-14 2.4D-13 2.3D-12 3.8D-11 2.1D-09 6.8D-11 4.6D-12
 1.7D-16 3.5D-16 1.1D-15 4.2D-15 2.2D-14 1.3D-13 1.4D-12 2.9D-11 2.1D-09 5.4D-11
 1.5D-17 2.7D-17 7.2D-17 3.2D-16 1.4D-15 8.4D-15 6.4D-14 7.5D-13 2.0D-11 2.1D-09



T = 1000. K
 ( 0, 0) ( 0, 1) ( 0, 2) ( 0, 3) ( 0, 4) ( 0, 5) ( 0, 6) ( 0, 7) ( 0, 8) ( 0, 9)
 1.9D-09 9.4D-11 1.0D-11 1.3D-12 2.6D-13 5.1D-14 1.3D-14 4.0D-15 1.0D-15 2.4D-16
 2.5D-10 1.9D-09 1.1D-10 1.3D-11 1.7D-12 3.6D-13 8.0D-14 2.0D-14 5.5D-15 1.2D-15
 3.5D-11 1.5D-10 1.9D-09 1.2D-10 1.3D-11 1.7D-12 3.8D-13 8.5D-14 2.2D-14 3.9D-15
 4.1D-12 1.6D-11 1.1D-10 2.0D-09 1.1D-10 1.2D-11 1.6D-12 3.5D-13 7.9D-14 1.6D-14
 6.6D-13 1.6D-12 9.9D-12 8.7D-11 2.0D-09 1.0D-10 1.1D-11 1.4D-12 3.1D-13 5.2D-14
 8.4D-14 2.3D-13 8.4D-13 6.2D-12 6.8D-11 2.0D-09 9.2D-11 8.7D-12 1.2D-12 2.1D-13
 1.2D-14 2.8D-14 1.0D-13 4.6D-13 3.9D-12 5.2D-11 2.1D-09 8.0D-11 7.1D-12 8.6D-13
 1.8D-15 3.5D-15 1.1D-14 5.0D-14 2.6D-13 2.4D-12 4.0D-11 2.1D-09 7.0D-11 4.8D-12
 2.1D-16 4.1D-16 1.3D-15 4.8D-15 2.5D-14 1.5D-13 1.5D-12 3.0D-11 2.1D-09 5.5D-11
 1.9D-17 3.4D-17 8.8D-17 3.8D-16 1.6D-15 9.6D-15 7.2D-14 8.1D-13 2.1D-11 2.2D-09



T = 1020. K
 ( 0, 0) ( 0, 1) ( 0, 2) ( 0, 3) ( 0, 4) ( 0, 5) ( 0, 6) ( 0, 7) ( 0, 8) ( 0, 9)
 1.9D-09 9.5D-11 1.1D-11 1.3D-12 2.8D-13 5.4D-14 1.4D-14 4.4D-15 1.1D-15 2.7D-16
 2.5D-10 1.9D-09 1.2D-10 1.4D-11 1.8D-12 3.8D-13 8.5D-14 2.2D-14 6.0D-15 1.3D-15
 3.6D-11 1.5D-10 1.9D-09 1.2D-10 1.4D-11 1.8D-12 4.0D-13 9.1D-14 2.4D-14 4.3D-15
 4.4D-12 1.7D-11 1.1D-10 2.0D-09 1.1D-10 1.3D-11 1.7D-12 3.8D-13 8.4D-14 1.7D-14
 7.2D-13 1.7D-12 1.0D-11 8.9D-11 2.0D-09 1.0D-10 1.1D-11 1.5D-12 3.3D-13 5.6D-14
 9.3D-14 2.5D-13 9.1D-13 6.5D-12 7.0D-11 2.0D-09 9.4D-11 9.0D-12 1.3D-12 2.2D-13
 1.4D-14 3.2D-14 1.1D-13 5.0D-13 4.1D-12 5.4D-11 2.1D-09 8.2D-11 7.3D-12 9.1D-13
 2.2D-15 4.1D-15 1.3D-14 5.6D-14 2.8D-13 2.6D-12 4.1D-11 2.1D-09 7.1D-11 5.0D-12
 2.5D-16 4.9D-16 1.5D-15 5.6D-15 2.8D-14 1.6D-13 1.6D-12 3.2D-11 2.1D-09 5.7D-11
 2.3D-17 4.1D-17 1.1D-16 4.6D-16 1.9D-15 1.1D-14 8.0D-14 8.7D-13 2.2D-11 2.2D-09



T = 1040. K
 ( 0, 0) ( 0, 1) ( 0, 2) ( 0, 3) ( 0, 4) ( 0, 5) ( 0, 6) ( 0, 7) ( 0, 8) ( 0, 9)
 1.9D-09 9.7D-11 1.1D-11 1.4D-12 2.9D-13 5.8D-14 1.6D-14 4.8D-15 1.2D-15 3.0D-16
 2.6D-10 1.9D-09 1.2D-10 1.4D-11 1.8D-12 4.1D-13 9.1D-14 2.4D-14 6.5D-15 1.4D-15
 3.8D-11 1.5D-10 2.0D-09 1.2D-10 1.4D-11 1.9D-12 4.2D-13 9.7D-14 2.6D-14 4.7D-15
 4.6D-12 1.8D-11 1.2D-10 2.0D-09 1.2D-10 1.3D-11 1.8D-12 4.0D-13 9.0D-14 1.9D-14
 7.8D-13 1.8D-12 1.1D-11 9.2D-11 2.0D-09 1.1D-10 1.1D-11 1.6D-12 3.5D-13 6.0D-14
 1.0D-13 2.7D-13 9.7D-13 6.8D-12 7.2D-11 2.1D-09 9.5D-11 9.3D-12 1.4D-12 2.3D-13
 1.6D-14 3.5D-14 1.3D-13 5.4D-13 4.3D-12 5.5D-11 2.1D-09 8.4D-11 7.6D-12 9.5D-13
 2.5D-15 4.7D-15 1.5D-14 6.3D-14 3.1D-13 2.7D-12 4.3D-11 2.1D-09 7.3D-11 5.1D-12
 3.0D-16 5.8D-16 1.8D-15 6.4D-15 3.2D-14 1.8D-13 1.7D-12 3.3D-11 2.1D-09 5.8D-11
 2.9D-17 5.1D-17 1.3D-16 5.4D-16 2.2D-15 1.3D-14 8.8D-14 9.4D-13 2.3D-11 2.2D-09



T = 1060. K
 ( 0, 0) ( 0, 1) ( 0, 2) ( 0, 3) ( 0, 4) ( 0, 5) ( 0, 6) ( 0, 7) ( 0, 8) ( 0, 9)
 1.9D-09 9.8D-11 1.1D-11 1.4D-12 3.1D-13 6.2D-14 1.7D-14 5.2D-15 1.4D-15 3.3D-16
 2.6D-10 1.9D-09 1.2D-10 1.4D-11 1.9D-12 4.3D-13 9.7D-14 2.6D-14 7.1D-15 1.5D-15
 3.9D-11 1.6D-10 2.0D-09 1.2D-10 1.4D-11 2.0D-12 4.5D-13 1.0D-13 2.8D-14 5.1D-15
 4.8D-12 1.8D-11 1.2D-10 2.0D-09 1.2D-10 1.3D-11 1.8D-12 4.2D-13 9.7D-14 2.1D-14
 8.4D-13 1.9D-12 1.1D-11 9.4D-11 2.0D-09 1.1D-10 1.1D-11 1.6D-12 3.8D-13 6.5D-14
 1.1D-13 3.0D-13 1.0D-12 7.2D-12 7.4D-11 2.1D-09 9.7D-11 9.6D-12 1.4D-12 2.5D-13
 1.8D-14 3.9D-14 1.4D-13 5.9D-13 4.6D-12 5.7D-11 2.1D-09 8.5D-11 7.8D-12 1.0D-12
 2.9D-15 5.4D-15 1.7D-14 7.0D-14 3.4D-13 2.9D-12 4.4D-11 2.1D-09 7.5D-11 5.3D-12
 3.5D-16 6.9D-16 2.1D-15 7.3D-15 3.6D-14 2.0D-13 1.9D-12 3.4D-11 2.2D-09 5.9D-11
 3.5D-17 6.2D-17 1.6D-16 6.4D-16 2.5D-15 1.4D-14 9.8D-14 1.0D-12 2.4D-11 2.2D-09



T = 1080. K
 ( 0, 0) ( 0, 1) ( 0, 2) ( 0, 3) ( 0, 4) ( 0, 5) ( 0, 6) ( 0, 7) ( 0, 8) ( 0, 9)
 1.9D-09 9.9D-11 1.1D-11 1.5D-12 3.3D-13 6.6D-14 1.8D-14 5.6D-15 1.5D-15 3.6D-16
 2.6D-10 2.0D-09 1.2D-10 1.5D-11 2.0D-12 4.5D-13 1.0D-13 2.8D-14 7.8D-15 1.7D-15
 4.0D-11 1.6D-10 2.0D-09 1.2D-10 1.5D-11 2.0D-12 4.7D-13 1.1D-13 3.1D-14 5.6D-15
 5.1D-12 1.9D-11 1.2D-10 2.0D-09 1.2D-10 1.4D-11 1.9D-12 4.5D-13 1.0D-13 2.2D-14
 9.1D-13 2.1D-12 1.2D-11 9.6D-11 2.1D-09 1.1D-10 1.2D-11 1.7D-12 4.0D-13 7.0D-14
 1.3D-13 3.2D-13 1.1D-12 7.5D-12 7.6D-11 2.1D-09 9.9D-11 9.9D-12 1.5D-12 2.6D-13
 2.1D-14 4.4D-14 1.5D-13 6.3D-13 4.8D-12 5.9D-11 2.1D-09 8.7D-11 8.1D-12 1.1D-12
 3.3D-15 6.2D-15 1.9D-14 7.7D-14 3.7D-13 3.1D-12 4.6D-11 2.2D-09 7.6D-11 5.5D-12
 4.2D-16 8.1D-16 2.4D-15 8.3D-15 4.0D-14 2.2D-13 2.0D-12 3.6D-11 2.2D-09 6.1D-11
 4.2D-17 7.4D-17 1.8D-16 7.6D-16 2.9D-15 1.6D-14 1.1D-13 1.1D-12 2.5D-11 2.2D-09



T = 1100. K
 ( 0, 0) ( 0, 1) ( 0, 2) ( 0, 3) ( 0, 4) ( 0, 5) ( 0, 6) ( 0, 7) ( 0, 8) ( 0, 9)
 1.9D-09 1.0D-10 1.2D-11 1.5D-12 3.5D-13 7.0D-14 2.0D-14 6.0D-15 1.7D-15 4.0D-16
 2.7D-10 2.0D-09 1.2D-10 1.5D-11 2.1D-12 4.8D-13 1.1D-13 3.0D-14 8.4D-15 1.9D-15
 4.1D-11 1.6D-10 2.0D-09 1.3D-10 1.5D-11 2.1D-12 5.0D-13 1.2D-13 3.3D-14 6.1D-15
 5.3D-12 2.0D-11 1.2D-10 2.0D-09 1.2D-10 1.4D-11 2.0D-12 4.7D-13 1.1D-13 2.4D-14
 9.8D-13 2.2D-12 1.2D-11 9.8D-11 2.1D-09 1.1D-10 1.2D-11 1.8D-12 4.2D-13 7.5D-14
 1.4D-13 3.5D-13 1.2D-12 7.8D-12 7.8D-11 2.1D-09 1.0D-10 1.0D-11 1.6D-12 2.8D-13
 2.3D-14 4.9D-14 1.7D-13 6.8D-13 5.1D-12 6.1D-11 2.1D-09 8.9D-11 8.3D-12 1.1D-12
 3.8D-15 7.1D-15 2.1D-14 8.5D-14 4.0D-13 3.3D-12 4.7D-11 2.2D-09 7.8D-11 5.7D-12
 4.9D-16 9.4D-16 2.8D-15 9.4D-15 4.5D-14 2.4D-13 2.1D-12 3.7D-11 2.2D-09 6.2D-11
 5.1D-17 8.9D-17 2.2D-16 8.9D-16 3.4D-15 1.8D-14 1.2D-13 1.2D-12 2.7D-11 2.2D-09



T = 1120. K
 ( 0, 0) ( 0, 1) ( 0, 2) ( 0, 3) ( 0, 4) ( 0, 5) ( 0, 6) ( 0, 7) ( 0, 8) ( 0, 9)
 2.0D-09 1.0D-10 1.2D-11 1.6D-12 3.6D-13 7.4D-14 2.1D-14 6.5D-15 1.8D-15 4.4D-16
 2.7D-10 2.0D-09 1.2D-10 1.5D-11 2.1D-12 5.0D-13 1.2D-13 3.3D-14 9.1D-15 2.0D-15
 4.2D-11 1.6D-10 2.0D-09 1.3D-10 1.5D-11 2.2D-12 5.2D-13 1.2D-13 3.6D-14 6.6D-15
 5.6D-12 2.0D-11 1.3D-10 2.0D-09 1.2D-10 1.4D-11 2.1D-12 5.0D-13 1.2D-13 2.6D-14
 1.1D-12 2.3D-12 1.3D-11 1.0D-10 2.1D-09 1.1D-10 1.2D-11 1.9D-12 4.5D-13 8.0D-14
 1.5D-13 3.8D-13 1.3D-12 8.2D-12 8.0D-11 2.1D-09 1.0D-10 1.0D-11 1.6D-12 2.9D-13
 2.6D-14 5.4D-14 1.8D-13 7.3D-13 5.3D-12 6.2D-11 2.1D-09 9.0D-11 8.6D-12 1.2D-12
 4.3D-15 8.1D-15 2.3D-14 9.4D-14 4.3D-13 3.4D-12 4.9D-11 2.2D-09 7.9D-11 5.9D-12
 5.8D-16 1.1D-15 3.2D-15 1.1D-14 5.0D-14 2.6D-13 2.2D-12 3.8D-11 2.2D-09 6.4D-11
 6.1D-17 1.1D-16 2.6D-16 1.0D-15 3.9D-15 2.0D-14 1.3D-13 1.2D-12 2.8D-11 2.2D-09



T = 1140. K
 ( 0, 0) ( 0, 1) ( 0, 2) ( 0, 3) ( 0, 4) ( 0, 5) ( 0, 6) ( 0, 7) ( 0, 8) ( 0, 9)
 2.0D-09 1.0D-10 1.2D-11 1.6D-12 3.8D-13 7.9D-14 2.3D-14 7.0D-15 2.0D-15 4.8D-16
 2.7D-10 2.0D-09 1.3D-10 1.6D-11 2.2D-12 5.3D-13 1.2D-13 3.5D-14 9.9D-15 2.2D-15
 4.3D-11 1.7D-10 2.0D-09 1.3D-10 1.6D-11 2.3D-12 5.5D-13 1.3D-13 3.9D-14 7.2D-15
 5.9D-12 2.1D-11 1.3D-10 2.1D-09 1.2D-10 1.5D-11 2.2D-12 5.3D-13 1.2D-13 2.8D-14
 1.1D-12 2.4D-12 1.3D-11 1.0D-10 2.1D-09 1.2D-10 1.3D-11 1.9D-12 4.7D-13 8.5D-14
 1.6D-13 4.1D-13 1.3D-12 8.5D-12 8.2D-11 2.1D-09 1.0D-10 1.1D-11 1.7D-12 3.1D-13
 2.9D-14 5.9D-14 2.0D-13 7.8D-13 5.5D-12 6.4D-11 2.2D-09 9.2D-11 8.9D-12 1.2D-12
 4.9D-15 9.2D-15 2.6D-14 1.0D-13 4.6D-13 3.6D-12 5.0D-11 2.2D-09 8.1D-11 6.0D-12
 6.8D-16 1.3D-15 3.7D-15 1.2D-14 5.5D-14 2.8D-13 2.4D-12 4.0D-11 2.2D-09 6.5D-11
 7.3D-17 1.3D-16 3.0D-16 1.2D-15 4.4D-15 2.3D-14 1.4D-13 1.3D-12 2.9D-11 2.3D-09



T = 1160. K
 ( 0, 0) ( 0, 1) ( 0, 2) ( 0, 3) ( 0, 4) ( 0, 5) ( 0, 6) ( 0, 7) ( 0, 8) ( 0, 9)
 2.0D-09 1.0D-10 1.2D-11 1.7D-12 4.0D-13 8.4D-14 2.5D-14 7.6D-15 2.1D-15 5.2D-16
 2.8D-10 2.0D-09 1.3D-10 1.6D-11 2.3D-12 5.6D-13 1.3D-13 3.8D-14 1.1D-14 2.4D-15
 4.4D-11 1.7D-10 2.0D-09 1.3D-10 1.6D-11 2.4D-12 5.8D-13 1.4D-13 4.2D-14 7.8D-15
 6.1D-12 2.2D-11 1.3D-10 2.1D-09 1.3D-10 1.5D-11 2.2D-12 5.5D-13 1.3D-13 3.0D-14
 1.2D-12 2.6D-12 1.4D-11 1.0D-10 2.1D-09 1.2D-10 1.3D-11 2.0D-12 5.0D-13 9.1D-14
 1.8D-13 4.5D-13 1.4D-12 8.8D-12 8.4D-11 2.1D-09 1.1D-10 1.1D-11 1.8D-12 3.3D-13
 3.3D-14 6.5D-14 2.2D-13 8.3D-13 5.8D-12 6.6D-11 2.2D-09 9.4D-11 9.1D-12 1.3D-12
 5.6D-15 1.0D-14 2.9D-14 1.1D-13 5.0D-13 3.8D-12 5.2D-11 2.2D-09 8.3D-11 6.2D-12
 7.9D-16 1.5D-15 4.3D-15 1.4D-14 6.1D-14 3.1D-13 2.5D-12 4.1D-11 2.2D-09 6.6D-11
 8.6D-17 1.5D-16 3.6D-16 1.4D-15 5.0D-15 2.5D-14 1.6D-13 1.4D-12 3.0D-11 2.3D-09



T = 1180. K
 ( 0, 0) ( 0, 1) ( 0, 2) ( 0, 3) ( 0, 4) ( 0, 5) ( 0, 6) ( 0, 7) ( 0, 8) ( 0, 9)
 2.0D-09 1.0D-10 1.3D-11 1.7D-12 4.2D-13 8.8D-14 2.6D-14 8.1D-15 2.3D-15 5.7D-16
 2.8D-10 2.0D-09 1.3D-10 1.6D-11 2.4D-12 5.9D-13 1.4D-13 4.0D-14 1.2D-14 2.7D-15
 4.5D-11 1.7D-10 2.0D-09 1.3D-10 1.6D-11 2.5D-12 6.1D-13 1.5D-13 4.5D-14 8.4D-15
 6.4D-12 2.2D-11 1.3D-10 2.1D-09 1.3D-10 1.5D-11 2.3D-12 5.8D-13 1.4D-13 3.3D-14
 1.3D-12 2.7D-12 1.4D-11 1.1D-10 2.1D-09 1.2D-10 1.3D-11 2.1D-12 5.2D-13 9.7D-14
 2.0D-13 4.8D-13 1.5D-12 9.2D-12 8.5D-11 2.1D-09 1.1D-10 1.1D-11 1.9D-12 3.5D-13
 3.7D-14 7.1D-14 2.3D-13 8.9D-13 6.1D-12 6.8D-11 2.2D-09 9.5D-11 9.4D-12 1.3D-12
 6.3D-15 1.2D-14 3.2D-14 1.2D-13 5.4D-13 4.0D-12 5.3D-11 2.2D-09 8.4D-11 6.4D-12
 9.2D-16 1.7D-15 4.9D-15 1.5D-14 6.7D-14 3.3D-13 2.6D-12 4.2D-11 2.2D-09 6.8D-11
 1.0D-16 1.8D-16 4.2D-16 1.6D-15 5.7D-15 2.8D-14 1.7D-13 1.5D-12 3.1D-11 2.3D-09



T = 1200. K
 ( 0, 0) ( 0, 1) ( 0, 2) ( 0, 3) ( 0, 4) ( 0, 5) ( 0, 6) ( 0, 7) ( 0, 8) ( 0, 9)
 2.0D-09 1.1D-10 1.3D-11 1.8D-12 4.4D-13 9.3D-14 2.8D-14 8.7D-15 2.5D-15 6.2D-16
 2.9D-10 2.0D-09 1.3D-10 1.7D-11 2.4D-12 6.1D-13 1.5D-13 4.3D-14 1.2D-14 2.9D-15
 4.7D-11 1.8D-10 2.1D-09 1.3D-10 1.7D-11 2.6D-12 6.4D-13 1.6D-13 4.8D-14 9.1D-15
 6.7D-12 2.3D-11 1.4D-10 2.1D-09 1.3D-10 1.6D-11 2.4D-12 6.1D-13 1.5D-13 3.5D-14
 1.4D-12 2.8D-12 1.4D-11 1.1D-10 2.1D-09 1.2D-10 1.4D-11 2.2D-12 5.5D-13 1.0D-13
 2.1D-13 5.2D-13 1.6D-12 9.5D-12 8.7D-11 2.2D-09 1.1D-10 1.2D-11 1.9D-12 3.6D-13
 4.1D-14 7.8D-14 2.5D-13 9.5D-13 6.3D-12 6.9D-11 2.2D-09 9.7D-11 9.6D-12 1.4D-12
 7.1D-15 1.3D-14 3.5D-14 1.4D-13 5.7D-13 4.2D-12 5.5D-11 2.2D-09 8.6D-11 6.6D-12
 1.1D-15 1.9D-15 5.5D-15 1.7D-14 7.4D-14 3.6D-13 2.8D-12 4.4D-11 2.3D-09 6.9D-11
 1.2D-16 2.1D-16 4.8D-16 1.8D-15 6.4D-15 3.1D-14 1.8D-13 1.6D-12 3.2D-11 2.3D-09



T = 1220. K
 ( 0, 0) ( 0, 1) ( 0, 2) ( 0, 3) ( 0, 4) ( 0, 5) ( 0, 6) ( 0, 7) ( 0, 8) ( 0, 9)
 2.0D-09 1.1D-10 1.3D-11 1.9D-12 4.6D-13 9.8D-14 3.0D-14 9.3D-15 2.7D-15 6.7D-16
 2.9D-10 2.0D-09 1.3D-10 1.7D-11 2.5D-12 6.4D-13 1.5D-13 4.6D-14 1.3D-14 3.1D-15
 4.8D-11 1.8D-10 2.1D-09 1.4D-10 1.7D-11 2.6D-12 6.7D-13 1.7D-13 5.1D-14 9.8D-15
 7.0D-12 2.4D-11 1.4D-10 2.1D-09 1.3D-10 1.6D-11 2.5D-12 6.4D-13 1.6D-13 3.8D-14
 1.5D-12 3.0D-12 1.5D-11 1.1D-10 2.1D-09 1.2D-10 1.4D-11 2.3D-12 5.8D-13 1.1D-13
 2.3D-13 5.5D-13 1.7D-12 9.9D-12 8.9D-11 2.2D-09 1.1D-10 1.2D-11 2.0D-12 3.8D-13
 4.5D-14 8.5D-14 2.7D-13 1.0D-12 6.6D-12 7.1D-11 2.2D-09 9.9D-11 9.9D-12 1.4D-12
 8.0D-15 1.5D-14 3.9D-14 1.5D-13 6.2D-13 4.4D-12 5.7D-11 2.2D-09 8.7D-11 6.8D-12
 1.2D-15 2.2D-15 6.2D-15 1.9D-14 8.1D-14 3.9D-13 2.9D-12 4.5D-11 2.3D-09 7.0D-11
 1.4D-16 2.4D-16 5.6D-16 2.1D-15 7.2D-15 3.4D-14 2.0D-13 1.7D-12 3.3D-11 2.3D-09



T = 1240. K
 ( 0, 0) ( 0, 1) ( 0, 2) ( 0, 3) ( 0, 4) ( 0, 5) ( 0, 6) ( 0, 7) ( 0, 8) ( 0, 9)
 2.0D-09 1.1D-10 1.3D-11 1.9D-12 4.8D-13 1.0D-13 3.2D-14 9.9D-15 3.0D-15 7.3D-16
 2.9D-10 2.1D-09 1.3D-10 1.7D-11 2.6D-12 6.7D-13 1.6D-13 4.9D-14 1.4D-14 3.4D-15
 4.9D-11 1.8D-10 2.1D-09 1.4D-10 1.7D-11 2.7D-12 7.0D-13 1.7D-13 5.5D-14 1.1D-14
 7.2D-12 2.4D-11 1.4D-10 2.1D-09 1.3D-10 1.6D-11 2.6D-12 6.7D-13 1.7D-13 4.0D-14
 1.6D-12 3.1D-12 1.5D-11 1.1D-10 2.2D-09 1.2D-10 1.4D-11 2.4D-12 6.1D-13 1.2D-13
 2.5D-13 5.9D-13 1.8D-12 1.0D-11 9.1D-11 2.2D-09 1.1D-10 1.2D-11 2.1D-12 4.0D-13
 5.0D-14 9.3D-14 3.0D-13 1.1D-12 6.9D-12 7.3D-11 2.2D-09 1.0D-10 1.0D-11 1.5D-12
 9.0D-15 1.6D-14 4.3D-14 1.6D-13 6.6D-13 4.6D-12 5.8D-11 2.3D-09 8.9D-11 7.0D-12
 1.4D-15 2.5D-15 7.0D-15 2.1D-14 8.9D-14 4.1D-13 3.1D-12 4.7D-11 2.3D-09 7.2D-11
 1.6D-16 2.8D-16 6.4D-16 2.4D-15 8.1D-15 3.8D-14 2.2D-13 1.7D-12 3.4D-11 2.3D-09



T = 1260. K
 ( 0, 0) ( 0, 1) ( 0, 2) ( 0, 3) ( 0, 4) ( 0, 5) ( 0, 6) ( 0, 7) ( 0, 8) ( 0, 9)
 2.0D-09 1.1D-10 1.4D-11 2.0D-12 5.0D-13 1.1D-13 3.4D-14 1.1D-14 3.2D-15 7.9D-16
 3.0D-10 2.1D-09 1.3D-10 1.8D-11 2.7D-12 7.0D-13 1.7D-13 5.3D-14 1.5D-14 3.7D-15
 5.0D-11 1.8D-10 2.1D-09 1.4D-10 1.8D-11 2.8D-12 7.3D-13 1.8D-13 5.8D-14 1.1D-14
 7.5D-12 2.5D-11 1.4D-10 2.1D-09 1.3D-10 1.7D-11 2.7D-12 7.0D-13 1.8D-13 4.3D-14
 1.6D-12 3.3D-12 1.6D-11 1.2D-10 2.2D-09 1.3D-10 1.5D-11 2.4D-12 6.4D-13 1.2D-13
 2.7D-13 6.3D-13 1.9D-12 1.1D-11 9.3D-11 2.2D-09 1.1D-10 1.2D-11 2.2D-12 4.2D-13
 5.5D-14 1.0D-13 3.2D-13 1.1D-12 7.1D-12 7.5D-11 2.2D-09 1.0D-10 1.0D-11 1.6D-12
 1.0D-14 1.8D-14 4.7D-14 1.7D-13 7.0D-13 4.8D-12 6.0D-11 2.3D-09 9.1D-11 7.2D-12
 1.6D-15 2.8D-15 7.9D-15 2.3D-14 9.7D-14 4.5D-13 3.2D-12 4.8D-11 2.3D-09 7.3D-11
 1.9D-16 3.3D-16 7.4D-16 2.7D-15 9.0D-15 4.2D-14 2.3D-13 1.8D-12 3.5D-11 2.4D-09



T = 1280. K
 ( 0, 0) ( 0, 1) ( 0, 2) ( 0, 3) ( 0, 4) ( 0, 5) ( 0, 6) ( 0, 7) ( 0, 8) ( 0, 9)
 2.0D-09 1.1D-10 1.4D-11 2.0D-12 5.2D-13 1.1D-13 3.6D-14 1.1D-14 3.5D-15 8.6D-16
 3.0D-10 2.1D-09 1.4D-10 1.8D-11 2.8D-12 7.3D-13 1.8D-13 5.6D-14 1.6D-14 4.0D-15
 5.1D-11 1.9D-10 2.1D-09 1.4D-10 1.8D-11 2.9D-12 7.6D-13 1.9D-13 6.2D-14 1.2D-14
 7.8D-12 2.6D-11 1.4D-10 2.1D-09 1.4D-10 1.7D-11 2.8D-12 7.3D-13 1.9D-13 4.6D-14
 1.7D-12 3.4D-12 1.6D-11 1.2D-10 2.2D-09 1.3D-10 1.5D-11 2.5D-12 6.7D-13 1.3D-13
 2.9D-13 6.8D-13 2.0D-12 1.1D-11 9.5D-11 2.2D-09 1.2D-10 1.3D-11 2.3D-12 4.4D-13
 6.0D-14 1.1D-13 3.4D-13 1.2D-12 7.4D-12 7.6D-11 2.2D-09 1.0D-10 1.1D-11 1.6D-12
 1.1D-14 2.0D-14 5.1D-14 1.9D-13 7.5D-13 5.0D-12 6.1D-11 2.3D-09 9.2D-11 7.4D-12
 1.8D-15 3.2D-15 8.8D-15 2.5D-14 1.1D-13 4.8D-13 3.4D-12 4.9D-11 2.3D-09 7.5D-11
 2.2D-16 3.8D-16 8.5D-16 3.1D-15 1.0D-14 4.6D-14 2.5D-13 1.9D-12 3.6D-11 2.4D-09



T = 1300. K
 ( 0, 0) ( 0, 1) ( 0, 2) ( 0, 3) ( 0, 4) ( 0, 5) ( 0, 6) ( 0, 7) ( 0, 8) ( 0, 9)
 2.1D-09 1.1D-10 1.4D-11 2.1D-12 5.5D-13 1.2D-13 3.8D-14 1.2D-14 3.7D-15 9.2D-16
 3.0D-10 2.1D-09 1.4D-10 1.8D-11 2.9D-12 7.7D-13 1.9D-13 5.9D-14 1.8D-14 4.3D-15
 5.2D-11 1.9D-10 2.1D-09 1.4D-10 1.9D-11 3.0D-12 8.0D-13 2.0D-13 6.6D-14 1.3D-14
 8.1D-12 2.6D-11 1.5D-10 2.1D-09 1.4D-10 1.7D-11 2.9D-12 7.7D-13 2.0D-13 4.9D-14
 1.8D-12 3.6D-12 1.7D-11 1.2D-10 2.2D-09 1.3D-10 1.5D-11 2.6D-12 7.0D-13 1.4D-13
 3.1D-13 7.2D-13 2.1D-12 1.1D-11 9.7D-11 2.2D-09 1.2D-10 1.3D-11 2.4D-12 4.6D-13
 6.6D-14 1.2D-13 3.7D-13 1.3D-12 7.7D-12 7.8D-11 2.3D-09 1.0D-10 1.1D-11 1.7D-12
 1.2D-14 2.2D-14 5.6D-14 2.0D-13 7.9D-13 5.2D-12 6.3D-11 2.3D-09 9.4D-11 7.6D-12
 2.1D-15 3.6D-15 9.9D-15 2.8D-14 1.1D-13 5.1D-13 3.6D-12 5.1D-11 2.3D-09 7.6D-11
 2.5D-16 4.4D-16 9.7D-16 3.5D-15 1.1D-14 5.0D-14 2.7D-13 2.0D-12 3.8D-11 2.4D-09



T = 1320. K
 ( 0, 0) ( 0, 1) ( 0, 2) ( 0, 3) ( 0, 4) ( 0, 5) ( 0, 6) ( 0, 7) ( 0, 8) ( 0, 9)
 2.1D-09 1.1D-10 1.4D-11 2.2D-12 5.7D-13 1.3D-13 4.1D-14 1.3D-14 4.0D-15 1.0D-15
 3.1D-10 2.1D-09 1.4D-10 1.9D-11 3.0D-12 8.0D-13 2.0D-13 6.3D-14 1.9D-14 4.6D-15
 5.3D-11 1.9D-10 2.1D-09 1.4D-10 1.9D-11 3.1D-12 8.3D-13 2.1D-13 7.0D-14 1.4D-14
 8.4D-12 2.7D-11 1.5D-10 2.2D-09 1.4D-10 1.8D-11 3.0D-12 8.0D-13 2.1D-13 5.2D-14
 2.0D-12 3.7D-12 1.7D-11 1.2D-10 2.2D-09 1.3D-10 1.6D-11 2.7D-12 7.3D-13 1.5D-13
 3.3D-13 7.7D-13 2.2D-12 1.2D-11 9.9D-11 2.2D-09 1.2D-10 1.3D-11 2.4D-12 4.8D-13
 7.2D-14 1.3D-13 3.9D-13 1.3D-12 8.0D-12 8.0D-11 2.3D-09 1.1D-10 1.1D-11 1.8D-12
 1.4D-14 2.5D-14 6.1D-14 2.2D-13 8.4D-13 5.4D-12 6.4D-11 2.3D-09 9.5D-11 7.8D-12
 2.4D-15 4.0D-15 1.1D-14 3.1D-14 1.2D-13 5.5D-13 3.7D-12 5.2D-11 2.3D-09 7.7D-11
 2.9D-16 5.0D-16 1.1D-15 3.9D-15 1.2D-14 5.4D-14 2.9D-13 2.1D-12 3.9D-11 2.4D-09



T = 1340. K
 ( 0, 0) ( 0, 1) ( 0, 2) ( 0, 3) ( 0, 4) ( 0, 5) ( 0, 6) ( 0, 7) ( 0, 8) ( 0, 9)
 2.1D-09 1.1D-10 1.4D-11 2.2D-12 5.9D-13 1.3D-13 4.3D-14 1.4D-14 4.3D-15 1.1D-15
 3.1D-10 2.1D-09 1.4D-10 1.9D-11 3.0D-12 8.3D-13 2.1D-13 6.7D-14 2.0D-14 5.0D-15
 5.4D-11 1.9D-10 2.1D-09 1.4D-10 1.9D-11 3.2D-12 8.6D-13 2.2D-13 7.4D-14 1.5D-14
 8.7D-12 2.8D-11 1.5D-10 2.2D-09 1.4D-10 1.8D-11 3.0D-12 8.3D-13 2.2D-13 5.5D-14
 2.1D-12 3.9D-12 1.8D-11 1.2D-10 2.2D-09 1.3D-10 1.6D-11 2.8D-12 7.6D-13 1.5D-13
 3.5D-13 8.1D-13 2.3D-12 1.2D-11 1.0D-10 2.2D-09 1.2D-10 1.4D-11 2.5D-12 5.1D-13
 7.8D-14 1.4D-13 4.2D-13 1.4D-12 8.3D-12 8.2D-11 2.3D-09 1.1D-10 1.2D-11 1.8D-12
 1.5D-14 2.7D-14 6.6D-14 2.3D-13 8.9D-13 5.7D-12 6.6D-11 2.3D-09 9.7D-11 8.0D-12
 2.7D-15 4.5D-15 1.2D-14 3.4D-14 1.3D-13 5.8D-13 3.9D-12 5.4D-11 2.3D-09 7.9D-11
 3.4D-16 5.7D-16 1.2D-15 4.4D-15 1.4D-14 5.9D-14 3.1D-13 2.2D-12 4.0D-11 2.4D-09



T = 1360. K
 ( 0, 0) ( 0, 1) ( 0, 2) ( 0, 3) ( 0, 4) ( 0, 5) ( 0, 6) ( 0, 7) ( 0, 8) ( 0, 9)
 2.1D-09 1.1D-10 1.5D-11 2.3D-12 6.1D-13 1.4D-13 4.6D-14 1.4D-14 4.6D-15 1.2D-15
 3.1D-10 2.1D-09 1.4D-10 1.9D-11 3.1D-12 8.6D-13 2.2D-13 7.1D-14 2.1D-14 5.4D-15
 5.5D-11 1.9D-10 2.2D-09 1.5D-10 1.9D-11 3.3D-12 9.0D-13 2.3D-13 7.9D-14 1.6D-14
 9.0D-12 2.8D-11 1.5D-10 2.2D-09 1.4D-10 1.8D-11 3.1D-12 8.7D-13 2.3D-13 5.9D-14
 2.2D-12 4.1D-12 1.8D-11 1.3D-10 2.2D-09 1.3D-10 1.6D-11 2.9D-12 8.0D-13 1.6D-13
 3.8D-13 8.6D-13 2.4D-12 1.2D-11 1.0D-10 2.3D-09 1.2D-10 1.4D-11 2.6D-12 5.3D-13
 8.5D-14 1.5D-13 4.5D-13 1.5D-12 8.6D-12 8.3D-11 2.3D-09 1.1D-10 1.2D-11 1.9D-12
 1.7D-14 3.0D-14 7.1D-14 2.5D-13 9.4D-13 5.9D-12 6.8D-11 2.3D-09 9.8D-11 8.2D-12
 3.0D-15 5.1D-15 1.4D-14 3.7D-14 1.5D-13 6.2D-13 4.1D-12 5.5D-11 2.4D-09 8.0D-11
 3.8D-16 6.5D-16 1.4D-15 4.9D-15 1.5D-14 6.4D-14 3.3D-13 2.4D-12 4.1D-11 2.4D-09



T = 1380. K
 ( 0, 0) ( 0, 1) ( 0, 2) ( 0, 3) ( 0, 4) ( 0, 5) ( 0, 6) ( 0, 7) ( 0, 8) ( 0, 9)
 2.1D-09 1.2D-10 1.5D-11 2.3D-12 6.4D-13 1.4D-13 4.8D-14 1.5D-14 5.0D-15 1.2D-15
 3.2D-10 2.1D-09 1.4D-10 2.0D-11 3.2D-12 9.0D-13 2.3D-13 7.5D-14 2.3D-14 5.7D-15
 5.6D-11 2.0D-10 2.2D-09 1.5D-10 2.0D-11 3.4D-12 9.4D-13 2.4D-13 8.4D-14 1.7D-14
 9.4D-12 2.9D-11 1.6D-10 2.2D-09 1.4D-10 1.9D-11 3.2D-12 9.0D-13 2.4D-13 6.2D-14
 2.3D-12 4.2D-12 1.9D-11 1.3D-10 2.2D-09 1.3D-10 1.6D-11 3.0D-12 8.3D-13 1.7D-13
 4.0D-13 9.2D-13 2.5D-12 1.3D-11 1.0D-10 2.3D-09 1.2D-10 1.4D-11 2.7D-12 5.5D-13
 9.3D-14 1.6D-13 4.8D-13 1.6D-12 8.8D-12 8.5D-11 2.3D-09 1.1D-10 1.2D-11 2.0D-12
 1.8D-14 3.3D-14 7.7D-14 2.7D-13 1.0D-12 6.1D-12 6.9D-11 2.3D-09 1.0D-10 8.4D-12
 3.4D-15 5.6D-15 1.5D-14 4.0D-14 1.6D-13 6.6D-13 4.3D-12 5.6D-11 2.4D-09 8.2D-11
 4.4D-16 7.4D-16 1.6D-15 5.5D-15 1.7D-14 7.0D-14 3.6D-13 2.5D-12 4.2D-11 2.4D-09



T = 1400. K
 ( 0, 0) ( 0, 1) ( 0, 2) ( 0, 3) ( 0, 4) ( 0, 5) ( 0, 6) ( 0, 7) ( 0, 8) ( 0, 9)
 2.1D-09 1.2D-10 1.5D-11 2.4D-12 6.6D-13 1.5D-13 5.1D-14 1.6D-14 5.3D-15 1.3D-15
 3.2D-10 2.1D-09 1.4D-10 2.0D-11 3.3D-12 9.3D-13 2.4D-13 7.9D-14 2.4D-14 6.2D-15
 5.7D-11 2.0D-10 2.2D-09 1.5D-10 2.0D-11 3.5D-12 9.7D-13 2.6D-13 8.8D-14 1.8D-14
 9.7D-12 2.9D-11 1.6D-10 2.2D-09 1.4D-10 1.9D-11 3.3D-12 9.4D-13 2.5D-13 6.6D-14
 2.4D-12 4.4D-12 1.9D-11 1.3D-10 2.2D-09 1.4D-10 1.7D-11 3.1D-12 8.7D-13 1.8D-13
 4.3D-13 9.7D-13 2.6D-12 1.3D-11 1.1D-10 2.3D-09 1.2D-10 1.4D-11 2.8D-12 5.8D-13
 1.0D-13 1.7D-13 5.1D-13 1.6D-12 9.1D-12 8.7D-11 2.3D-09 1.1D-10 1.2D-11 2.0D-12
 2.0D-14 3.6D-14 8.3D-14 2.9D-13 1.1D-12 6.3D-12 7.1D-11 2.4D-09 1.0D-10 8.6D-12
 3.8D-15 6.3D-15 1.7D-14 4.4D-14 1.7D-13 7.0D-13 4.4D-12 5.8D-11 2.4D-09 8.3D-11
 4.9D-16 8.4D-16 1.8D-15 6.1D-15 1.8D-14 7.6D-14 3.8D-13 2.6D-12 4.3D-11 2.5D-09



T = 1420. K
 ( 0, 0) ( 0, 1) ( 0, 2) ( 0, 3) ( 0, 4) ( 0, 5) ( 0, 6) ( 0, 7) ( 0, 8) ( 0, 9)
 2.1D-09 1.2D-10 1.5D-11 2.4D-12 6.8D-13 1.6D-13 5.3D-14 1.7D-14 5.7D-15 1.4D-15
 3.2D-10 2.2D-09 1.4D-10 2.0D-11 3.4D-12 9.7D-13 2.5D-13 8.3D-14 2.6D-14 6.6D-15
 5.8D-11 2.0D-10 2.2D-09 1.5D-10 2.0D-11 3.6D-12 1.0D-12 2.7D-13 9.3D-14 1.9D-14
 1.0D-11 3.0D-11 1.6D-10 2.2D-09 1.5D-10 1.9D-11 3.4D-12 9.8D-13 2.6D-13 7.0D-14
 2.5D-12 4.6D-12 2.0D-11 1.3D-10 2.3D-09 1.4D-10 1.7D-11 3.2D-12 9.0D-13 1.9D-13
 4.6D-13 1.0D-12 2.7D-12 1.4D-11 1.1D-10 2.3D-09 1.3D-10 1.5D-11 2.9D-12 6.0D-13
 1.1D-13 1.8D-13 5.4D-13 1.7D-12 9.4D-12 8.9D-11 2.3D-09 1.1D-10 1.3D-11 2.1D-12
 2.2D-14 3.9D-14 9.0D-14 3.1D-13 1.1D-12 6.6D-12 7.2D-11 2.4D-09 1.0D-10 8.8D-12
 4.2D-15 6.9D-15 1.8D-14 4.7D-14 1.8D-13 7.4D-13 4.6D-12 5.9D-11 2.4D-09 8.4D-11
 5.6D-16 9.5D-16 2.0D-15 6.7D-15 2.0D-14 8.2D-14 4.1D-13 2.7D-12 4.5D-11 2.5D-09



T = 1440. K
 ( 0, 0) ( 0, 1) ( 0, 2) ( 0, 3) ( 0, 4) ( 0, 5) ( 0, 6) ( 0, 7) ( 0, 8) ( 0, 9)
 2.1D-09 1.2D-10 1.6D-11 2.5D-12 7.1D-13 1.6D-13 5.6D-14 1.8D-14 6.0D-15 1.5D-15
 3.2D-10 2.2D-09 1.5D-10 2.1D-11 3.5D-12 1.0D-12 2.6D-13 8.8D-14 2.7D-14 7.0D-15
 6.0D-11 2.0D-10 2.2D-09 1.5D-10 2.1D-11 3.7D-12 1.0D-12 2.8D-13 9.8D-14 2.1D-14
 1.0D-11 3.1D-11 1.6D-10 2.2D-09 1.5D-10 1.9D-11 3.5D-12 1.0D-12 2.7D-13 7.4D-14
 2.6D-12 4.7D-12 2.0D-11 1.3D-10 2.3D-09 1.4D-10 1.7D-11 3.3D-12 9.4D-13 2.0D-13
 4.9D-13 1.1D-12 2.8D-12 1.4D-11 1.1D-10 2.3D-09 1.3D-10 1.5D-11 3.0D-12 6.2D-13
 1.2D-13 2.0D-13 5.7D-13 1.8D-12 9.7D-12 9.0D-11 2.3D-09 1.2D-10 1.3D-11 2.2D-12
 2.4D-14 4.3D-14 9.7D-14 3.3D-13 1.2D-12 6.8D-12 7.4D-11 2.4D-09 1.0D-10 9.0D-12
 4.7D-15 7.7D-15 2.0D-14 5.1D-14 2.0D-13 7.9D-13 4.8D-12 6.1D-11 2.4D-09 8.6D-11
 6.3D-16 1.1D-15 2.2D-15 7.4D-15 2.2D-14 8.8D-14 4.3D-13 2.8D-12 4.6D-11 2.5D-09



T = 1460. K
 ( 0, 0) ( 0, 1) ( 0, 2) ( 0, 3) ( 0, 4) ( 0, 5) ( 0, 6) ( 0, 7) ( 0, 8) ( 0, 9)
 2.1D-09 1.2D-10 1.6D-11 2.6D-12 7.3D-13 1.7D-13 5.9D-14 1.9D-14 6.4D-15 1.6D-15
 3.3D-10 2.2D-09 1.5D-10 2.1D-11 3.6D-12 1.0D-12 2.7D-13 9.2D-14 2.9D-14 7.5D-15
 6.1D-11 2.1D-10 2.2D-09 1.5D-10 2.1D-11 3.8D-12 1.1D-12 2.9D-13 1.0D-13 2.2D-14
 1.1D-11 3.1D-11 1.6D-10 2.2D-09 1.5D-10 2.0D-11 3.6D-12 1.0D-12 2.8D-13 7.8D-14
 2.8D-12 4.9D-12 2.1D-11 1.4D-10 2.3D-09 1.4D-10 1.8D-11 3.4D-12 9.7D-13 2.1D-13
 5.2D-13 1.1D-12 2.9D-12 1.4D-11 1.1D-10 2.3D-09 1.3D-10 1.5D-11 3.1D-12 6.5D-13
 1.3D-13 2.1D-13 6.0D-13 1.9D-12 1.0D-11 9.2D-11 2.3D-09 1.2D-10 1.3D-11 2.2D-12
 2.6D-14 4.6D-14 1.0D-13 3.5D-13 1.2D-12 7.0D-12 7.5D-11 2.4D-09 1.1D-10 9.2D-12
 5.2D-15 8.4D-15 2.2D-14 5.6D-14 2.1D-13 8.3D-13 5.0D-12 6.2D-11 2.4D-09 8.7D-11
 7.1D-16 1.2D-15 2.5D-15 8.2D-15 2.4D-14 9.5D-14 4.6D-13 2.9D-12 4.7D-11 2.5D-09



T = 1480. K
 ( 0, 0) ( 0, 1) ( 0, 2) ( 0, 3) ( 0, 4) ( 0, 5) ( 0, 6) ( 0, 7) ( 0, 8) ( 0, 9)
 2.2D-09 1.2D-10 1.6D-11 2.6D-12 7.6D-13 1.8D-13 6.2D-14 2.0D-14 6.8D-15 1.7D-15
 3.3D-10 2.2D-09 1.5D-10 2.1D-11 3.7D-12 1.1D-12 2.8D-13 9.7D-14 3.0D-14 8.0D-15
 6.2D-11 2.1D-10 2.2D-09 1.5D-10 2.1D-11 3.9D-12 1.1D-12 3.0D-13 1.1D-13 2.3D-14
 1.1D-11 3.2D-11 1.7D-10 2.2D-09 1.5D-10 2.0D-11 3.7D-12 1.1D-12 3.0D-13 8.2D-14
 2.9D-12 5.1D-12 2.1D-11 1.4D-10 2.3D-09 1.4D-10 1.8D-11 3.5D-12 1.0D-12 2.2D-13
 5.5D-13 1.2D-12 3.1D-12 1.5D-11 1.1D-10 2.3D-09 1.3D-10 1.6D-11 3.2D-12 6.8D-13
 1.4D-13 2.2D-13 6.4D-13 2.0D-12 1.0D-11 9.4D-11 2.4D-09 1.2D-10 1.3D-11 2.3D-12
 2.8D-14 5.0D-14 1.1D-13 3.7D-13 1.3D-12 7.3D-12 7.7D-11 2.4D-09 1.1D-10 9.4D-12
 5.8D-15 9.3D-15 2.4D-14 6.0D-14 2.2D-13 8.8D-13 5.2D-12 6.4D-11 2.4D-09 8.8D-11
 8.0D-16 1.3D-15 2.8D-15 9.1D-15 2.6D-14 1.0D-13 4.9D-13 3.1D-12 4.8D-11 2.5D-09



T = 1500. K
 ( 0, 0) ( 0, 1) ( 0, 2) ( 0, 3) ( 0, 4) ( 0, 5) ( 0, 6) ( 0, 7) ( 0, 8) ( 0, 9)
 2.2D-09 1.2D-10 1.6D-11 2.7D-12 7.8D-13 1.9D-13 6.5D-14 2.1D-14 7.3D-15 1.8D-15
 3.3D-10 2.2D-09 1.5D-10 2.1D-11 3.8D-12 1.1D-12 2.9D-13 1.0D-13 3.2D-14 8.5D-15
 6.3D-11 2.1D-10 2.2D-09 1.5D-10 2.2D-11 4.0D-12 1.2D-12 3.1D-13 1.1D-13 2.5D-14
 1.1D-11 3.3D-11 1.7D-10 2.3D-09 1.5D-10 2.0D-11 3.8D-12 1.1D-12 3.1D-13 8.6D-14
 3.0D-12 5.3D-12 2.2D-11 1.4D-10 2.3D-09 1.4D-10 1.8D-11 3.6D-12 1.0D-12 2.3D-13
 5.8D-13 1.3D-12 3.2D-12 1.5D-11 1.2D-10 2.3D-09 1.3D-10 1.6D-11 3.3D-12 7.0D-13
 1.5D-13 2.4D-13 6.7D-13 2.0D-12 1.1D-11 9.5D-11 2.4D-09 1.2D-10 1.4D-11 2.4D-12
 3.1D-14 5.4D-14 1.2D-13 3.9D-13 1.4D-12 7.5D-12 7.8D-11 2.4D-09 1.1D-10 9.6D-12
 6.4D-15 1.0D-14 2.6D-14 6.5D-14 2.4D-13 9.3D-13 5.4D-12 6.5D-11 2.4D-09 9.0D-11
 8.9D-16 1.5D-15 3.1D-15 9.9D-15 2.9D-14 1.1D-13 5.2D-13 3.2D-12 5.0D-11 2.5D-09



T = 1520. K
 ( 0, 0) ( 0, 1) ( 0, 2) ( 0, 3) ( 0, 4) ( 0, 5) ( 0, 6) ( 0, 7) ( 0, 8) ( 0, 9)
 2.2D-09 1.2D-10 1.6D-11 2.8D-12 8.1D-13 1.9D-13 6.8D-14 2.2D-14 7.7D-15 2.0D-15
 3.4D-10 2.2D-09 1.5D-10 2.2D-11 3.9D-12 1.2D-12 3.0D-13 1.1D-13 3.4D-14 9.1D-15
 6.4D-11 2.1D-10 2.2D-09 1.6D-10 2.2D-11 4.1D-12 1.2D-12 3.3D-13 1.2D-13 2.6D-14
 1.2D-11 3.3D-11 1.7D-10 2.3D-09 1.5D-10 2.1D-11 3.9D-12 1.2D-12 3.2D-13 9.1D-14
 3.2D-12 5.4D-12 2.2D-11 1.4D-10 2.3D-09 1.4D-10 1.9D-11 3.7D-12 1.1D-12 2.4D-13
 6.1D-13 1.3D-12 3.3D-12 1.6D-11 1.2D-10 2.3D-09 1.3D-10 1.6D-11 3.4D-12 7.3D-13
 1.6D-13 2.5D-13 7.1D-13 2.1D-12 1.1D-11 9.7D-11 2.4D-09 1.2D-10 1.4D-11 2.5D-12
 3.4D-14 5.9D-14 1.3D-13 4.2D-13 1.4D-12 7.8D-12 8.0D-11 2.4D-09 1.1D-10 9.8D-12
 7.0D-15 1.1D-14 2.8D-14 7.0D-14 2.5D-13 9.7D-13 5.6D-12 6.7D-11 2.5D-09 9.1D-11
 1.0D-15 1.7D-15 3.4D-15 1.1D-14 3.1D-14 1.2D-13 5.5D-13 3.3D-12 5.1D-11 2.5D-09



T = 1540. K
 ( 0, 0) ( 0, 1) ( 0, 2) ( 0, 3) ( 0, 4) ( 0, 5) ( 0, 6) ( 0, 7) ( 0, 8) ( 0, 9)
 2.2D-09 1.2D-10 1.7D-11 2.8D-12 8.3D-13 2.0D-13 7.1D-14 2.3D-14 8.2D-15 2.1D-15
 3.4D-10 2.2D-09 1.5D-10 2.2D-11 3.9D-12 1.2D-12 3.1D-13 1.1D-13 3.6D-14 9.7D-15
 6.5D-11 2.1D-10 2.2D-09 1.6D-10 2.2D-11 4.2D-12 1.2D-12 3.4D-13 1.3D-13 2.7D-14
 1.2D-11 3.4D-11 1.7D-10 2.3D-09 1.5D-10 2.1D-11 4.0D-12 1.2D-12 3.4D-13 9.5D-14
 3.3D-12 5.6D-12 2.3D-11 1.4D-10 2.3D-09 1.5D-10 1.9D-11 3.8D-12 1.1D-12 2.5D-13
 6.4D-13 1.4D-12 3.4D-12 1.6D-11 1.2D-10 2.4D-09 1.3D-10 1.7D-11 3.5D-12 7.6D-13
 1.7D-13 2.7D-13 7.5D-13 2.2D-12 1.1D-11 9.9D-11 2.4D-09 1.2D-10 1.4D-11 2.5D-12
 3.6D-14 6.3D-14 1.4D-13 4.4D-13 1.5D-12 8.0D-12 8.1D-11 2.4D-09 1.1D-10 1.0D-11
 7.8D-15 1.2D-14 3.1D-14 7.5D-14 2.7D-13 1.0D-12 5.8D-12 6.8D-11 2.5D-09 9.2D-11
 1.1D-15 1.9D-15 3.8D-15 1.2D-14 3.4D-14 1.3D-13 5.8D-13 3.4D-12 5.2D-11 2.5D-09



T = 1560. K
 ( 0, 0) ( 0, 1) ( 0, 2) ( 0, 3) ( 0, 4) ( 0, 5) ( 0, 6) ( 0, 7) ( 0, 8) ( 0, 9)
 2.2D-09 1.2D-10 1.7D-11 2.9D-12 8.6D-13 2.1D-13 7.5D-14 2.4D-14 8.7D-15 2.2D-15
 3.4D-10 2.2D-09 1.5D-10 2.2D-11 4.0D-12 1.2D-12 3.3D-13 1.2D-13 3.7D-14 1.0D-14
 6.6D-11 2.2D-10 2.3D-09 1.6D-10 2.3D-11 4.3D-12 1.3D-12 3.5D-13 1.3D-13 2.9D-14
 1.2D-11 3.5D-11 1.7D-10 2.3D-09 1.6D-10 2.1D-11 4.1D-12 1.2D-12 3.5D-13 1.0D-13
 3.4D-12 5.8D-12 2.3D-11 1.4D-10 2.3D-09 1.5D-10 1.9D-11 3.9D-12 1.2D-12 2.6D-13
 6.8D-13 1.5D-12 3.5D-12 1.6D-11 1.2D-10 2.4D-09 1.4D-10 1.7D-11 3.6D-12 7.8D-13
 1.8D-13 2.8D-13 7.9D-13 2.3D-12 1.2D-11 1.0D-10 2.4D-09 1.2D-10 1.5D-11 2.6D-12
 3.9D-14 6.8D-14 1.4D-13 4.7D-13 1.6D-12 8.3D-12 8.3D-11 2.4D-09 1.1D-10 1.0D-11
 8.5D-15 1.3D-14 3.3D-14 8.1D-14 2.9D-13 1.1D-12 6.0D-12 6.9D-11 2.5D-09 9.4D-11
 1.2D-15 2.1D-15 4.1D-15 1.3D-14 3.6D-14 1.3D-13 6.1D-13 3.6D-12 5.3D-11 2.6D-09



T = 1580. K
 ( 0, 0) ( 0, 1) ( 0, 2) ( 0, 3) ( 0, 4) ( 0, 5) ( 0, 6) ( 0, 7) ( 0, 8) ( 0, 9)
 2.2D-09 1.2D-10 1.7D-11 2.9D-12 8.9D-13 2.2D-13 7.8D-14 2.6D-14 9.2D-15 2.4D-15
 3.4D-10 2.2D-09 1.5D-10 2.3D-11 4.1D-12 1.3D-12 3.4D-13 1.2D-13 3.9D-14 1.1D-14
 6.7D-11 2.2D-10 2.3D-09 1.6D-10 2.3D-11 4.4D-12 1.3D-12 3.7D-13 1.4D-13 3.1D-14
 1.3D-11 3.5D-11 1.8D-10 2.3D-09 1.6D-10 2.2D-11 4.2D-12 1.3D-12 3.6D-13 1.1D-13
 3.6D-12 6.0D-12 2.4D-11 1.5D-10 2.3D-09 1.5D-10 2.0D-11 4.0D-12 1.2D-12 2.7D-13
 7.1D-13 1.5D-12 3.7D-12 1.7D-11 1.2D-10 2.4D-09 1.4D-10 1.7D-11 3.7D-12 8.1D-13
 1.9D-13 3.0D-13 8.3D-13 2.4D-12 1.2D-11 1.0D-10 2.4D-09 1.3D-10 1.5D-11 2.7D-12
 4.2D-14 7.3D-14 1.5D-13 4.9D-13 1.6D-12 8.5D-12 8.4D-11 2.5D-09 1.1D-10 1.0D-11
 9.4D-15 1.5D-14 3.6D-14 8.6D-14 3.1D-13 1.1D-12 6.2D-12 7.1D-11 2.5D-09 9.5D-11
 1.4D-15 2.3D-15 4.6D-15 1.4D-14 3.9D-14 1.4D-13 6.4D-13 3.7D-12 5.4D-11 2.6D-09



T = 1600. K
 ( 0, 0) ( 0, 1) ( 0, 2) ( 0, 3) ( 0, 4) ( 0, 5) ( 0, 6) ( 0, 7) ( 0, 8) ( 0, 9)
 2.2D-09 1.3D-10 1.7D-11 3.0D-12 9.1D-13 2.2D-13 8.1D-14 2.7D-14 9.7D-15 2.5D-15
 3.5D-10 2.3D-09 1.6D-10 2.3D-11 4.2D-12 1.3D-12 3.5D-13 1.3D-13 4.1D-14 1.2D-14
 6.8D-11 2.2D-10 2.3D-09 1.6D-10 2.3D-11 4.5D-12 1.4D-12 3.8D-13 1.5D-13 3.2D-14
 1.3D-11 3.6D-11 1.8D-10 2.3D-09 1.6D-10 2.2D-11 4.3D-12 1.3D-12 3.8D-13 1.1D-13
 3.7D-12 6.2D-12 2.4D-11 1.5D-10 2.3D-09 1.5D-10 2.0D-11 4.1D-12 1.2D-12 2.8D-13
 7.5D-13 1.6D-12 3.8D-12 1.7D-11 1.2D-10 2.4D-09 1.4D-10 1.7D-11 3.8D-12 8.4D-13
 2.0D-13 3.2D-13 8.7D-13 2.5D-12 1.2D-11 1.0D-10 2.4D-09 1.3D-10 1.5D-11 2.8D-12
 4.5D-14 7.8D-14 1.6D-13 5.2D-13 1.7D-12 8.8D-12 8.6D-11 2.5D-09 1.2D-10 1.1D-11
 1.0D-14 1.6D-14 3.9D-14 9.2D-14 3.2D-13 1.2D-12 6.4D-12 7.2D-11 2.5D-09 9.6D-11
 1.5D-15 2.5D-15 5.0D-15 1.5D-14 4.2D-14 1.5D-13 6.8D-13 3.8D-12 5.6D-11 2.6D-09



T = 1620. K
 ( 0, 0) ( 0, 1) ( 0, 2) ( 0, 3) ( 0, 4) ( 0, 5) ( 0, 6) ( 0, 7) ( 0, 8) ( 0, 9)
 2.2D-09 1.3D-10 1.7D-11 3.1D-12 9.4D-13 2.3D-13 8.5D-14 2.8D-14 1.0D-14 2.6D-15
 3.5D-10 2.3D-09 1.6D-10 2.3D-11 4.3D-12 1.3D-12 3.6D-13 1.3D-13 4.4D-14 1.2D-14
 6.9D-11 2.2D-10 2.3D-09 1.6D-10 2.4D-11 4.6D-12 1.4D-12 3.9D-13 1.5D-13 3.4D-14
 1.3D-11 3.7D-11 1.8D-10 2.3D-09 1.6D-10 2.2D-11 4.4D-12 1.4D-12 3.9D-13 1.2D-13
 3.9D-12 6.4D-12 2.5D-11 1.5D-10 2.4D-09 1.5D-10 2.0D-11 4.2D-12 1.3D-12 2.9D-13
 7.9D-13 1.7D-12 3.9D-12 1.7D-11 1.3D-10 2.4D-09 1.4D-10 1.8D-11 3.9D-12 8.7D-13
 2.2D-13 3.3D-13 9.1D-13 2.6D-12 1.3D-11 1.1D-10 2.4D-09 1.3D-10 1.5D-11 2.9D-12
 4.9D-14 8.4D-14 1.7D-13 5.5D-13 1.8D-12 9.0D-12 8.7D-11 2.5D-09 1.2D-10 1.1D-11
 1.1D-14 1.7D-14 4.2D-14 9.9D-14 3.4D-13 1.2D-12 6.6D-12 7.4D-11 2.5D-09 9.8D-11
 1.7D-15 2.8D-15 5.5D-15 1.7D-14 4.5D-14 1.6D-13 7.1D-13 4.0D-12 5.7D-11 2.6D-09



T = 1640. K
 ( 0, 0) ( 0, 1) ( 0, 2) ( 0, 3) ( 0, 4) ( 0, 5) ( 0, 6) ( 0, 7) ( 0, 8) ( 0, 9)
 2.2D-09 1.3D-10 1.8D-11 3.1D-12 9.7D-13 2.4D-13 8.9D-14 2.9D-14 1.1D-14 2.8D-15
 3.5D-10 2.3D-09 1.6D-10 2.4D-11 4.4D-12 1.4D-12 3.8D-13 1.4D-13 4.6D-14 1.3D-14
 7.0D-11 2.3D-10 2.3D-09 1.6D-10 2.4D-11 4.7D-12 1.4D-12 4.1D-13 1.6D-13 3.6D-14
 1.4D-11 3.7D-11 1.8D-10 2.3D-09 1.6D-10 2.3D-11 4.5D-12 1.4D-12 4.1D-13 1.2D-13
 4.0D-12 6.6D-12 2.5D-11 1.5D-10 2.4D-09 1.5D-10 2.0D-11 4.3D-12 1.3D-12 3.1D-13
 8.3D-13 1.7D-12 4.1D-12 1.8D-11 1.3D-10 2.4D-09 1.4D-10 1.8D-11 4.0D-12 9.0D-13
 2.3D-13 3.5D-13 9.5D-13 2.7D-12 1.3D-11 1.1D-10 2.4D-09 1.3D-10 1.6D-11 2.9D-12
 5.2D-14 9.0D-14 1.8D-13 5.8D-13 1.8D-12 9.3D-12 8.9D-11 2.5D-09 1.2D-10 1.1D-11
 1.2D-14 1.9D-14 4.5D-14 1.1D-13 3.6D-13 1.3D-12 6.8D-12 7.5D-11 2.5D-09 9.9D-11
 1.9D-15 3.1D-15 6.0D-15 1.8D-14 4.9D-14 1.7D-13 7.5D-13 4.1D-12 5.8D-11 2.6D-09



T = 1660. K
 ( 0, 0) ( 0, 1) ( 0, 2) ( 0, 3) ( 0, 4) ( 0, 5) ( 0, 6) ( 0, 7) ( 0, 8) ( 0, 9)
 2.2D-09 1.3D-10 1.8D-11 3.2D-12 9.9D-13 2.5D-13 9.2D-14 3.1D-14 1.1D-14 3.0D-15
 3.6D-10 2.3D-09 1.6D-10 2.4D-11 4.5D-12 1.4D-12 3.9D-13 1.5D-13 4.8D-14 1.4D-14
 7.1D-11 2.3D-10 2.3D-09 1.6D-10 2.4D-11 4.8D-12 1.5D-12 4.2D-13 1.7D-13 3.8D-14
 1.4D-11 3.8D-11 1.8D-10 2.3D-09 1.6D-10 2.3D-11 4.6D-12 1.5D-12 4.2D-13 1.3D-13
 4.2D-12 6.8D-12 2.6D-11 1.5D-10 2.4D-09 1.5D-10 2.1D-11 4.4D-12 1.4D-12 3.2D-13
 8.7D-13 1.8D-12 4.2D-12 1.8D-11 1.3D-10 2.4D-09 1.4D-10 1.8D-11 4.1D-12 9.3D-13
 2.4D-13 3.7D-13 1.0D-12 2.8D-12 1.3D-11 1.1D-10 2.5D-09 1.3D-10 1.6D-11 3.0D-12
 5.6D-14 9.6D-14 2.0D-13 6.1D-13 1.9D-12 9.5D-12 9.0D-11 2.5D-09 1.2D-10 1.1D-11
 1.3D-14 2.0D-14 4.9D-14 1.1D-13 3.8D-13 1.4D-12 7.0D-12 7.7D-11 2.5D-09 1.0D-10
 2.0D-15 3.4D-15 6.6D-15 2.0D-14 5.2D-14 1.8D-13 7.9D-13 4.3D-12 5.9D-11 2.6D-09



T = 1680. K
 ( 0, 0) ( 0, 1) ( 0, 2) ( 0, 3) ( 0, 4) ( 0, 5) ( 0, 6) ( 0, 7) ( 0, 8) ( 0, 9)
 2.2D-09 1.3D-10 1.8D-11 3.2D-12 1.0D-12 2.6D-13 9.6D-14 3.2D-14 1.2D-14 3.1D-15
 3.6D-10 2.3D-09 1.6D-10 2.4D-11 4.6D-12 1.5D-12 4.0D-13 1.5D-13 5.0D-14 1.4D-14
 7.2D-11 2.3D-10 2.3D-09 1.7D-10 2.5D-11 4.9D-12 1.5D-12 4.4D-13 1.7D-13 4.0D-14
 1.4D-11 3.9D-11 1.8D-10 2.3D-09 1.6D-10 2.3D-11 4.7D-12 1.5D-12 4.4D-13 1.3D-13
 4.3D-12 7.0D-12 2.6D-11 1.6D-10 2.4D-09 1.6D-10 2.1D-11 4.5D-12 1.4D-12 3.3D-13
 9.1D-13 1.9D-12 4.4D-12 1.9D-11 1.3D-10 2.4D-09 1.4D-10 1.9D-11 4.2D-12 9.6D-13
 2.6D-13 3.9D-13 1.0D-12 2.9D-12 1.3D-11 1.1D-10 2.5D-09 1.3D-10 1.6D-11 3.1D-12
 6.0D-14 1.0D-13 2.1D-13 6.4D-13 2.0D-12 9.8D-12 9.2D-11 2.5D-09 1.2D-10 1.2D-11
 1.4D-14 2.2D-14 5.2D-14 1.2D-13 4.1D-13 1.4D-12 7.3D-12 7.8D-11 2.5D-09 1.0D-10
 2.2D-15 3.7D-15 7.2D-15 2.1D-14 5.6D-14 1.9D-13 8.3D-13 4.4D-12 6.1D-11 2.6D-09



T = 1700. K
 ( 0, 0) ( 0, 1) ( 0, 2) ( 0, 3) ( 0, 4) ( 0, 5) ( 0, 6) ( 0, 7) ( 0, 8) ( 0, 9)
 2.3D-09 1.3D-10 1.8D-11 3.3D-12 1.0D-12 2.6D-13 1.0D-13 3.3D-14 1.3D-14 3.3D-15
 3.6D-10 2.3D-09 1.6D-10 2.4D-11 4.7D-12 1.5D-12 4.2D-13 1.6D-13 5.2D-14 1.5D-14
 7.3D-11 2.3D-10 2.3D-09 1.7D-10 2.5D-11 5.0D-12 1.6D-12 4.5D-13 1.8D-13 4.2D-14
 1.5D-11 3.9D-11 1.9D-10 2.4D-09 1.6D-10 2.4D-11 4.8D-12 1.5D-12 4.5D-13 1.4D-13
 4.5D-12 7.2D-12 2.7D-11 1.6D-10 2.4D-09 1.6D-10 2.1D-11 4.6D-12 1.5D-12 3.4D-13
 9.5D-13 2.0D-12 4.5D-12 1.9D-11 1.3D-10 2.4D-09 1.5D-10 1.9D-11 4.3D-12 9.9D-13
 2.8D-13 4.1D-13 1.1D-12 3.0D-12 1.4D-11 1.1D-10 2.5D-09 1.3D-10 1.7D-11 3.2D-12
 6.4D-14 1.1D-13 2.2D-13 6.7D-13 2.1D-12 1.0D-11 9.3D-11 2.5D-09 1.2D-10 1.2D-11
 1.6D-14 2.3D-14 5.6D-14 1.3D-13 4.3D-13 1.5D-12 7.5D-12 7.9D-11 2.6D-09 1.0D-10
 2.5D-15 4.1D-15 7.8D-15 2.3D-14 6.0D-14 2.0D-13 8.7D-13 4.6D-12 6.2D-11 2.6D-09



T = 1720. K
 ( 0, 0) ( 0, 1) ( 0, 2) ( 0, 3) ( 0, 4) ( 0, 5) ( 0, 6) ( 0, 7) ( 0, 8) ( 0, 9)
 2.3D-09 1.3D-10 1.8D-11 3.4D-12 1.1D-12 2.7D-13 1.0D-13 3.5D-14 1.3D-14 3.5D-15
 3.6D-10 2.3D-09 1.6D-10 2.5D-11 4.8D-12 1.6D-12 4.3D-13 1.6D-13 5.5D-14 1.6D-14
 7.3D-11 2.3D-10 2.3D-09 1.7D-10 2.5D-11 5.1D-12 1.6D-12 4.7D-13 1.9D-13 4.4D-14
 1.5D-11 4.0D-11 1.9D-10 2.4D-09 1.7D-10 2.4D-11 5.0D-12 1.6D-12 4.7D-13 1.4D-13
 4.6D-12 7.4D-12 2.7D-11 1.6D-10 2.4D-09 1.6D-10 2.2D-11 4.7D-12 1.5D-12 3.6D-13
 9.9D-13 2.0D-12 4.6D-12 1.9D-11 1.3D-10 2.4D-09 1.5D-10 1.9D-11 4.4D-12 1.0D-12
 2.9D-13 4.3D-13 1.1D-12 3.1D-12 1.4D-11 1.1D-10 2.5D-09 1.4D-10 1.7D-11 3.3D-12
 6.9D-14 1.2D-13 2.3D-13 7.0D-13 2.2D-12 1.0D-11 9.5D-11 2.5D-09 1.2D-10 1.2D-11
 1.7D-14 2.5D-14 6.0D-14 1.3D-13 4.5D-13 1.6D-12 7.7D-12 8.1D-11 2.6D-09 1.0D-10
 2.7D-15 4.4D-15 8.5D-15 2.5D-14 6.4D-14 2.2D-13 9.1D-13 4.7D-12 6.3D-11 2.7D-09



T = 1740. K
 ( 0, 0) ( 0, 1) ( 0, 2) ( 0, 3) ( 0, 4) ( 0, 5) ( 0, 6) ( 0, 7) ( 0, 8) ( 0, 9)
 2.3D-09 1.3D-10 1.9D-11 3.4D-12 1.1D-12 2.8D-13 1.1D-13 3.6D-14 1.4D-14 3.7D-15
 3.7D-10 2.3D-09 1.6D-10 2.5D-11 4.9D-12 1.6D-12 4.4D-13 1.7D-13 5.7D-14 1.7D-14
 7.4D-11 2.3D-10 2.3D-09 1.7D-10 2.5D-11 5.2D-12 1.7D-12 4.8D-13 2.0D-13 4.6D-14
 1.5D-11 4.0D-11 1.9D-10 2.4D-09 1.7D-10 2.4D-11 5.1D-12 1.6D-12 4.9D-13 1.5D-13
 4.8D-12 7.6D-12 2.8D-11 1.6D-10 2.4D-09 1.6D-10 2.2D-11 4.8D-12 1.6D-12 3.7D-13
 1.0D-12 2.1D-12 4.8D-12 2.0D-11 1.4D-10 2.5D-09 1.5D-10 1.9D-11 4.5D-12 1.1D-12
 3.1D-13 4.5D-13 1.2D-12 3.2D-12 1.4D-11 1.1D-10 2.5D-09 1.4D-10 1.7D-11 3.4D-12
 7.3D-14 1.2D-13 2.4D-13 7.3D-13 2.2D-12 1.1D-11 9.6D-11 2.5D-09 1.3D-10 1.2D-11
 1.8D-14 2.7D-14 6.4D-14 1.4D-13 4.7D-13 1.6D-12 7.9D-12 8.2D-11 2.6D-09 1.1D-10
 2.9D-15 4.8D-15 9.2D-15 2.7D-14 6.8D-14 2.3D-13 9.5D-13 4.9D-12 6.4D-11 2.7D-09



T = 1760. K
 ( 0, 0) ( 0, 1) ( 0, 2) ( 0, 3) ( 0, 4) ( 0, 5) ( 0, 6) ( 0, 7) ( 0, 8) ( 0, 9)
 2.3D-09 1.3D-10 1.9D-11 3.5D-12 1.1D-12 2.9D-13 1.1D-13 3.8D-14 1.5D-14 3.9D-15
 3.7D-10 2.3D-09 1.6D-10 2.5D-11 5.0D-12 1.6D-12 4.6D-13 1.8D-13 6.0D-14 1.8D-14
 7.5D-11 2.4D-10 2.4D-09 1.7D-10 2.6D-11 5.3D-12 1.7D-12 5.0D-13 2.0D-13 4.8D-14
 1.6D-11 4.1D-11 1.9D-10 2.4D-09 1.7D-10 2.4D-11 5.2D-12 1.7D-12 5.0D-13 1.6D-13
 5.0D-12 7.8D-12 2.8D-11 1.6D-10 2.4D-09 1.6D-10 2.2D-11 4.9D-12 1.6D-12 3.8D-13
 1.1D-12 2.2D-12 4.9D-12 2.0D-11 1.4D-10 2.5D-09 1.5D-10 2.0D-11 4.7D-12 1.1D-12
 3.2D-13 4.8D-13 1.2D-12 3.3D-12 1.5D-11 1.2D-10 2.5D-09 1.4D-10 1.7D-11 3.5D-12
 7.8D-14 1.3D-13 2.6D-13 7.7D-13 2.3D-12 1.1D-11 9.8D-11 2.5D-09 1.3D-10 1.2D-11
 2.0D-14 2.9D-14 6.9D-14 1.5D-13 5.0D-13 1.7D-12 8.1D-12 8.4D-11 2.6D-09 1.1D-10
 3.2D-15 5.3D-15 9.9D-15 2.9D-14 7.3D-14 2.4D-13 9.9D-13 5.0D-12 6.6D-11 2.7D-09



T = 1780. K
 ( 0, 0) ( 0, 1) ( 0, 2) ( 0, 3) ( 0, 4) ( 0, 5) ( 0, 6) ( 0, 7) ( 0, 8) ( 0, 9)
 2.3D-09 1.3D-10 1.9D-11 3.6D-12 1.2D-12 3.0D-13 1.2D-13 3.9D-14 1.5D-14 4.1D-15
 3.7D-10 2.3D-09 1.7D-10 2.6D-11 5.1D-12 1.7D-12 4.7D-13 1.8D-13 6.2D-14 1.9D-14
 7.6D-11 2.4D-10 2.4D-09 1.7D-10 2.6D-11 5.4D-12 1.8D-12 5.1D-13 2.1D-13 5.0D-14
 1.6D-11 4.2D-11 1.9D-10 2.4D-09 1.7D-10 2.5D-11 5.3D-12 1.7D-12 5.2D-13 1.6D-13
 5.1D-12 8.0D-12 2.9D-11 1.6D-10 2.4D-09 1.6D-10 2.2D-11 5.0D-12 1.6D-12 4.0D-13
 1.1D-12 2.3D-12 5.1D-12 2.1D-11 1.4D-10 2.5D-09 1.5D-10 2.0D-11 4.8D-12 1.1D-12
 3.4D-13 5.0D-13 1.3D-12 3.4D-12 1.5D-11 1.2D-10 2.5D-09 1.4D-10 1.8D-11 3.6D-12
 8.3D-14 1.4D-13 2.7D-13 8.0D-13 2.4D-12 1.1D-11 9.9D-11 2.6D-09 1.3D-10 1.3D-11
 2.1D-14 3.1D-14 7.3D-14 1.6D-13 5.2D-13 1.8D-12 8.4D-12 8.5D-11 2.6D-09 1.1D-10
 3.5D-15 5.7D-15 1.1D-14 3.1D-14 7.8D-14 2.5D-13 1.0D-12 5.2D-12 6.7D-11 2.7D-09



T = 1800. K
 ( 0, 0) ( 0, 1) ( 0, 2) ( 0, 3) ( 0, 4) ( 0, 5) ( 0, 6) ( 0, 7) ( 0, 8) ( 0, 9)
 2.3D-09 1.3D-10 1.9D-11 3.6D-12 1.2D-12 3.1D-13 1.2D-13 4.1D-14 1.6D-14 4.3D-15
 3.7D-10 2.3D-09 1.7D-10 2.6D-11 5.2D-12 1.7D-12 4.8D-13 1.9D-13 6.5D-14 1.9D-14
 7.7D-11 2.4D-10 2.4D-09 1.7D-10 2.6D-11 5.5D-12 1.8D-12 5.3D-13 2.2D-13 5.2D-14
 1.7D-11 4.2D-11 2.0D-10 2.4D-09 1.7D-10 2.5D-11 5.4D-12 1.8D-12 5.4D-13 1.7D-13
 5.3D-12 8.2D-12 2.9D-11 1.7D-10 2.4D-09 1.6D-10 2.3D-11 5.1D-12 1.7D-12 4.1D-13
 1.2D-12 2.4D-12 5.2D-12 2.1D-11 1.4D-10 2.5D-09 1.5D-10 2.0D-11 4.9D-12 1.2D-12
 3.6D-13 5.2D-13 1.3D-12 3.5D-12 1.5D-11 1.2D-10 2.5D-09 1.4D-10 1.8D-11 3.6D-12
 8.8D-14 1.5D-13 2.8D-13 8.4D-13 2.5D-12 1.1D-11 1.0D-10 2.6D-09 1.3D-10 1.3D-11
 2.3D-14 3.3D-14 7.8D-14 1.7D-13 5.5D-13 1.8D-12 8.6D-12 8.6D-11 2.6D-09 1.1D-10
 3.8D-15 6.2D-15 1.2D-14 3.3D-14 8.3D-14 2.7D-13 1.1D-12 5.3D-12 6.8D-11 2.7D-09



T = 1820. K
 ( 0, 0) ( 0, 1) ( 0, 2) ( 0, 3) ( 0, 4) ( 0, 5) ( 0, 6) ( 0, 7) ( 0, 8) ( 0, 9)
 2.3D-09 1.3D-10 1.9D-11 3.7D-12 1.2D-12 3.2D-13 1.2D-13 4.2D-14 1.7D-14 4.5D-15
 3.8D-10 2.4D-09 1.7D-10 2.6D-11 5.3D-12 1.8D-12 5.0D-13 2.0D-13 6.8D-14 2.0D-14
 7.8D-11 2.4D-10 2.4D-09 1.7D-10 2.7D-11 5.6D-12 1.9D-12 5.4D-13 2.3D-13 5.5D-14
 1.7D-11 4.3D-11 2.0D-10 2.4D-09 1.7D-10 2.5D-11 5.5D-12 1.8D-12 5.5D-13 1.8D-13
 5.5D-12 8.4D-12 2.9D-11 1.7D-10 2.5D-09 1.6D-10 2.3D-11 5.2D-12 1.7D-12 4.2D-13
 1.2D-12 2.5D-12 5.4D-12 2.1D-11 1.4D-10 2.5D-09 1.5D-10 2.1D-11 5.0D-12 1.2D-12
 3.8D-13 5.5D-13 1.4D-12 3.6D-12 1.6D-11 1.2D-10 2.5D-09 1.4D-10 1.8D-11 3.7D-12
 9.3D-14 1.6D-13 3.0D-13 8.7D-13 2.6D-12 1.2D-11 1.0D-10 2.6D-09 1.3D-10 1.3D-11
 2.5D-14 3.6D-14 8.3D-14 1.8D-13 5.8D-13 1.9D-12 8.8D-12 8.8D-11 2.6D-09 1.1D-10
 4.1D-15 6.7D-15 1.3D-14 3.5D-14 8.8D-14 2.8D-13 1.1D-12 5.5D-12 6.9D-11 2.7D-09



T = 1840. K
 ( 0, 0) ( 0, 1) ( 0, 2) ( 0, 3) ( 0, 4) ( 0, 5) ( 0, 6) ( 0, 7) ( 0, 8) ( 0, 9)
 2.3D-09 1.4D-10 1.9D-11 3.7D-12 1.2D-12 3.2D-13 1.3D-13 4.4D-14 1.8D-14 4.7D-15
 3.8D-10 2.4D-09 1.7D-10 2.6D-11 5.4D-12 1.8D-12 5.1D-13 2.0D-13 7.1D-14 2.1D-14
 7.9D-11 2.4D-10 2.4D-09 1.7D-10 2.7D-11 5.7D-12 1.9D-12 5.6D-13 2.4D-13 5.7D-14
 1.7D-11 4.4D-11 2.0D-10 2.4D-09 1.7D-10 2.6D-11 5.6D-12 1.9D-12 5.7D-13 1.8D-13
 5.6D-12 8.7D-12 3.0D-11 1.7D-10 2.5D-09 1.7D-10 2.3D-11 5.3D-12 1.8D-12 4.4D-13
 1.3D-12 2.5D-12 5.5D-12 2.2D-11 1.4D-10 2.5D-09 1.5D-10 2.1D-11 5.1D-12 1.2D-12
 4.0D-13 5.7D-13 1.5D-12 3.8D-12 1.6D-11 1.2D-10 2.5D-09 1.4D-10 1.9D-11 3.8D-12
 9.9D-14 1.6D-13 3.1D-13 9.1D-13 2.7D-12 1.2D-11 1.0D-10 2.6D-09 1.3D-10 1.3D-11
 2.7D-14 3.8D-14 8.8D-14 1.9D-13 6.0D-13 2.0D-12 9.1D-12 8.9D-11 2.6D-09 1.1D-10
 4.5D-15 7.3D-15 1.3D-14 3.8D-14 9.3D-14 3.0D-13 1.2D-12 5.6D-12 7.1D-11 2.7D-09



T = 1860. K
 ( 0, 0) ( 0, 1) ( 0, 2) ( 0, 3) ( 0, 4) ( 0, 5) ( 0, 6) ( 0, 7) ( 0, 8) ( 0, 9)
 2.3D-09 1.4D-10 2.0D-11 3.8D-12 1.3D-12 3.3D-13 1.3D-13 4.5D-14 1.8D-14 4.9D-15
 3.8D-10 2.4D-09 1.7D-10 2.7D-11 5.5D-12 1.9D-12 5.3D-13 2.1D-13 7.3D-14 2.2D-14
 8.0D-11 2.5D-10 2.4D-09 1.8D-10 2.7D-11 5.8D-12 1.9D-12 5.8D-13 2.4D-13 6.0D-14
 1.8D-11 4.4D-11 2.0D-10 2.4D-09 1.7D-10 2.6D-11 5.7D-12 1.9D-12 5.9D-13 1.9D-13
 5.8D-12 8.9D-12 3.0D-11 1.7D-10 2.5D-09 1.7D-10 2.4D-11 5.4D-12 1.8D-12 4.5D-13
 1.3D-12 2.6D-12 5.7D-12 2.2D-11 1.5D-10 2.5D-09 1.6D-10 2.1D-11 5.2D-12 1.3D-12
 4.2D-13 5.9D-13 1.5D-12 3.9D-12 1.6D-11 1.2D-10 2.6D-09 1.4D-10 1.9D-11 3.9D-12
 1.0D-13 1.7D-13 3.3D-13 9.5D-13 2.7D-12 1.2D-11 1.1D-10 2.6D-09 1.3D-10 1.4D-11
 2.9D-14 4.1D-14 9.4D-14 2.0D-13 6.3D-13 2.0D-12 9.3D-12 9.1D-11 2.6D-09 1.1D-10
 4.9D-15 7.9D-15 1.4D-14 4.0D-14 9.9D-14 3.1D-13 1.2D-12 5.8D-12 7.2D-11 2.7D-09



T = 1880. K
 ( 0, 0) ( 0, 1) ( 0, 2) ( 0, 3) ( 0, 4) ( 0, 5) ( 0, 6) ( 0, 7) ( 0, 8) ( 0, 9)
 2.3D-09 1.4D-10 2.0D-11 3.9D-12 1.3D-12 3.4D-13 1.4D-13 4.7D-14 1.9D-14 5.2D-15
 3.8D-10 2.4D-09 1.7D-10 2.7D-11 5.6D-12 1.9D-12 5.4D-13 2.2D-13 7.6D-14 2.3D-14
 8.1D-11 2.5D-10 2.4D-09 1.8D-10 2.8D-11 5.9D-12 2.0D-12 5.9D-13 2.5D-13 6.2D-14
 1.8D-11 4.5D-11 2.0D-10 2.4D-09 1.8D-10 2.6D-11 5.8D-12 2.0D-12 6.1D-13 2.0D-13
 6.0D-12 9.1D-12 3.1D-11 1.7D-10 2.5D-09 1.7D-10 2.4D-11 5.5D-12 1.9D-12 4.7D-13
 1.4D-12 2.7D-12 5.8D-12 2.3D-11 1.5D-10 2.5D-09 1.6D-10 2.1D-11 5.3D-12 1.3D-12
 4.4D-13 6.2D-13 1.6D-12 4.0D-12 1.7D-11 1.3D-10 2.6D-09 1.5D-10 1.9D-11 4.0D-12
 1.1D-13 1.8D-13 3.4D-13 9.9D-13 2.8D-12 1.3D-11 1.1D-10 2.6D-09 1.4D-10 1.4D-11
 3.1D-14 4.3D-14 9.9D-14 2.1D-13 6.6D-13 2.1D-12 9.6D-12 9.2D-11 2.6D-09 1.1D-10
 5.3D-15 8.5D-15 1.6D-14 4.3D-14 1.0D-13 3.3D-13 1.3D-12 6.0D-12 7.3D-11 2.7D-09



T = 1900. K
 ( 0, 0) ( 0, 1) ( 0, 2) ( 0, 3) ( 0, 4) ( 0, 5) ( 0, 6) ( 0, 7) ( 0, 8) ( 0, 9)
 2.3D-09 1.4D-10 2.0D-11 3.9D-12 1.3D-12 3.5D-13 1.4D-13 4.9D-14 2.0D-14 5.4D-15
 3.9D-10 2.4D-09 1.7D-10 2.7D-11 5.7D-12 2.0D-12 5.6D-13 2.3D-13 7.9D-14 2.5D-14
 8.2D-11 2.5D-10 2.4D-09 1.8D-10 2.8D-11 6.0D-12 2.0D-12 6.1D-13 2.6D-13 6.5D-14
 1.8D-11 4.5D-11 2.0D-10 2.4D-09 1.8D-10 2.6D-11 5.9D-12 2.0D-12 6.3D-13 2.0D-13
 6.1D-12 9.3D-12 3.1D-11 1.7D-10 2.5D-09 1.7D-10 2.4D-11 5.7D-12 1.9D-12 4.8D-13
 1.4D-12 2.8D-12 6.0D-12 2.3D-11 1.5D-10 2.5D-09 1.6D-10 2.2D-11 5.5D-12 1.3D-12
 4.6D-13 6.5D-13 1.6D-12 4.1D-12 1.7D-11 1.3D-10 2.6D-09 1.5D-10 1.9D-11 4.1D-12
 1.2D-13 1.9D-13 3.6D-13 1.0D-12 2.9D-12 1.3D-11 1.1D-10 2.6D-09 1.4D-10 1.4D-11
 3.3D-14 4.6D-14 1.1D-13 2.2D-13 6.9D-13 2.2D-12 9.8D-12 9.3D-11 2.7D-09 1.2D-10
 5.7D-15 9.2D-15 1.7D-14 4.6D-14 1.1D-13 3.4D-13 1.3D-12 6.1D-12 7.4D-11 2.8D-09



T = 1920. K
 ( 0, 0) ( 0, 1) ( 0, 2) ( 0, 3) ( 0, 4) ( 0, 5) ( 0, 6) ( 0, 7) ( 0, 8) ( 0, 9)
 2.4D-09 1.4D-10 2.0D-11 4.0D-12 1.4D-12 3.6D-13 1.5D-13 5.0D-14 2.1D-14 5.7D-15
 3.9D-10 2.4D-09 1.7D-10 2.8D-11 5.8D-12 2.0D-12 5.7D-13 2.3D-13 8.2D-14 2.6D-14
 8.3D-11 2.5D-10 2.4D-09 1.8D-10 2.8D-11 6.1D-12 2.1D-12 6.3D-13 2.7D-13 6.8D-14
 1.9D-11 4.6D-11 2.1D-10 2.5D-09 1.8D-10 2.7D-11 6.0D-12 2.1D-12 6.4D-13 2.1D-13
 6.3D-12 9.5D-12 3.2D-11 1.8D-10 2.5D-09 1.7D-10 2.4D-11 5.8D-12 2.0D-12 5.0D-13
 1.5D-12 2.9D-12 6.1D-12 2.3D-11 1.5D-10 2.5D-09 1.6D-10 2.2D-11 5.6D-12 1.4D-12
 4.8D-13 6.7D-13 1.7D-12 4.2D-12 1.7D-11 1.3D-10 2.6D-09 1.5D-10 2.0D-11 4.2D-12
 1.2D-13 2.0D-13 3.7D-13 1.1D-12 3.0D-12 1.3D-11 1.1D-10 2.6D-09 1.4D-10 1.4D-11
 3.5D-14 4.9D-14 1.1D-13 2.3D-13 7.2D-13 2.3D-12 1.0D-11 9.5D-11 2.7D-09 1.2D-10
 6.1D-15 9.9D-15 1.8D-14 4.9D-14 1.2D-13 3.6D-13 1.4D-12 6.3D-12 7.6D-11 2.8D-09



T = 1940. K
 ( 0, 0) ( 0, 1) ( 0, 2) ( 0, 3) ( 0, 4) ( 0, 5) ( 0, 6) ( 0, 7) ( 0, 8) ( 0, 9)
 2.4D-09 1.4D-10 2.0D-11 4.1D-12 1.4D-12 3.7D-13 1.5D-13 5.2D-14 2.2D-14 5.9D-15
 3.9D-10 2.4D-09 1.7D-10 2.8D-11 5.9D-12 2.0D-12 5.9D-13 2.4D-13 8.5D-14 2.7D-14
 8.3D-11 2.5D-10 2.4D-09 1.8D-10 2.8D-11 6.2D-12 2.1D-12 6.4D-13 2.8D-13 7.0D-14
 1.9D-11 4.7D-11 2.1D-10 2.5D-09 1.8D-10 2.7D-11 6.1D-12 2.1D-12 6.6D-13 2.2D-13
 6.5D-12 9.7D-12 3.2D-11 1.8D-10 2.5D-09 1.7D-10 2.5D-11 5.9D-12 2.0D-12 5.2D-13
 1.5D-12 3.0D-12 6.3D-12 2.4D-11 1.5D-10 2.5D-09 1.6D-10 2.2D-11 5.7D-12 1.4D-12
 5.0D-13 7.0D-13 1.7D-12 4.3D-12 1.8D-11 1.3D-10 2.6D-09 1.5D-10 2.0D-11 4.3D-12
 1.3D-13 2.1D-13 3.9D-13 1.1D-12 3.1D-12 1.3D-11 1.1D-10 2.6D-09 1.4D-10 1.4D-11
 3.7D-14 5.2D-14 1.2D-13 2.4D-13 7.5D-13 2.4D-12 1.0D-11 9.6D-11 2.7D-09 1.2D-10
 6.6D-15 1.1D-14 1.9D-14 5.2D-14 1.2D-13 3.8D-13 1.4D-12 6.5D-12 7.7D-11 2.8D-09



T = 1960. K
 ( 0, 0) ( 0, 1) ( 0, 2) ( 0, 3) ( 0, 4) ( 0, 5) ( 0, 6) ( 0, 7) ( 0, 8) ( 0, 9)
 2.4D-09 1.4D-10 2.1D-11 4.1D-12 1.4D-12 3.8D-13 1.6D-13 5.4D-14 2.3D-14 6.2D-15
 3.9D-10 2.4D-09 1.7D-10 2.8D-11 6.0D-12 2.1D-12 6.0D-13 2.5D-13 8.8D-14 2.8D-14
 8.4D-11 2.6D-10 2.4D-09 1.8D-10 2.9D-11 6.3D-12 2.2D-12 6.6D-13 2.9D-13 7.3D-14
 1.9D-11 4.7D-11 2.1D-10 2.5D-09 1.8D-10 2.7D-11 6.2D-12 2.2D-12 6.8D-13 2.3D-13
 6.7D-12 1.0D-11 3.3D-11 1.8D-10 2.5D-09 1.7D-10 2.5D-11 6.0D-12 2.1D-12 5.3D-13
 1.6D-12 3.1D-12 6.4D-12 2.4D-11 1.5D-10 2.6D-09 1.6D-10 2.3D-11 5.8D-12 1.4D-12
 5.3D-13 7.3D-13 1.8D-12 4.5D-12 1.8D-11 1.3D-10 2.6D-09 1.5D-10 2.0D-11 4.4D-12
 1.4D-13 2.2D-13 4.1D-13 1.1D-12 3.2D-12 1.4D-11 1.1D-10 2.6D-09 1.4D-10 1.5D-11
 4.0D-14 5.5D-14 1.2D-13 2.5D-13 7.8D-13 2.4D-12 1.1D-11 9.8D-11 2.7D-09 1.2D-10
 7.1D-15 1.1D-14 2.0D-14 5.5D-14 1.3D-13 3.9D-13 1.5D-12 6.6D-12 7.8D-11 2.8D-09



T = 1980. K
 ( 0, 0) ( 0, 1) ( 0, 2) ( 0, 3) ( 0, 4) ( 0, 5) ( 0, 6) ( 0, 7) ( 0, 8) ( 0, 9)
 2.4D-09 1.4D-10 2.1D-11 4.2D-12 1.5D-12 3.9D-13 1.6D-13 5.6D-14 2.3D-14 6.5D-15
 3.9D-10 2.4D-09 1.8D-10 2.8D-11 6.0D-12 2.1D-12 6.2D-13 2.6D-13 9.2D-14 2.9D-14
 8.5D-11 2.6D-10 2.5D-09 1.8D-10 2.9D-11 6.4D-12 2.2D-12 6.8D-13 3.0D-13 7.6D-14
 2.0D-11 4.8D-11 2.1D-10 2.5D-09 1.8D-10 2.8D-11 6.4D-12 2.2D-12 7.0D-13 2.3D-13
 6.9D-12 1.0D-11 3.3D-11 1.8D-10 2.5D-09 1.7D-10 2.5D-11 6.1D-12 2.1D-12 5.5D-13
 1.6D-12 3.2D-12 6.6D-12 2.5D-11 1.5D-10 2.6D-09 1.6D-10 2.3D-11 5.9D-12 1.5D-12
 5.5D-13 7.6D-13 1.9D-12 4.6D-12 1.8D-11 1.3D-10 2.6D-09 1.5D-10 2.1D-11 4.5D-12
 1.4D-13 2.4D-13 4.2D-13 1.2D-12 3.3D-12 1.4D-11 1.1D-10 2.7D-09 1.4D-10 1.5D-11
 4.2D-14 5.9D-14 1.3D-13 2.7D-13 8.2D-13 2.5D-12 1.1D-11 9.9D-11 2.7D-09 1.2D-10
 7.7D-15 1.2D-14 2.2D-14 5.8D-14 1.4D-13 4.1D-13 1.5D-12 6.8D-12 7.9D-11 2.8D-09



T = 2000. K
 ( 0, 0) ( 0, 1) ( 0, 2) ( 0, 3) ( 0, 4) ( 0, 5) ( 0, 6) ( 0, 7) ( 0, 8) ( 0, 9)
 2.4D-09 1.4D-10 2.1D-11 4.2D-12 1.5D-12 4.0D-13 1.7D-13 5.7D-14 2.4D-14 6.8D-15
 4.0D-10 2.4D-09 1.8D-10 2.9D-11 6.1D-12 2.2D-12 6.4D-13 2.6D-13 9.5D-14 3.0D-14
 8.6D-11 2.6D-10 2.5D-09 1.8D-10 2.9D-11 6.5D-12 2.3D-12 6.9D-13 3.1D-13 7.9D-14
 2.0D-11 4.8D-11 2.1D-10 2.5D-09 1.8D-10 2.8D-11 6.5D-12 2.2D-12 7.2D-13 2.4D-13
 7.1D-12 1.0D-11 3.4D-11 1.8D-10 2.5D-09 1.7D-10 2.6D-11 6.2D-12 2.2D-12 5.7D-13
 1.7D-12 3.3D-12 6.8D-12 2.5D-11 1.6D-10 2.6D-09 1.6D-10 2.3D-11 6.1D-12 1.5D-12
 5.8D-13 7.9D-13 1.9D-12 4.7D-12 1.9D-11 1.3D-10 2.6D-09 1.5D-10 2.1D-11 4.6D-12
 1.5D-13 2.5D-13 4.4D-13 1.2D-12 3.4D-12 1.4D-11 1.2D-10 2.7D-09 1.4D-10 1.5D-11
 4.5D-14 6.2D-14 1.4D-13 2.8D-13 8.5D-13 2.6D-12 1.1D-11 1.0D-10 2.7D-09 1.2D-10
 8.2D-15 1.3D-14 2.3D-14 6.2D-14 1.4D-13 4.3D-13 1.6D-12 7.0D-12 8.1D-11 2.8D-09



