Flower H+H2

The table contains the H2-H collisional rate coefficients

v, v' : initial and final vibrational state
j, j' : initial and final rotational state

  v  j  v' j'    k(cm3 s-1) (T) , T= 100 to 6000K by steps of 100K
100.,   200.,   300.,   400.,   500.,   600.,   700.,   800., 900.,  1000.,  1100.,  1200.,  1300.,  1400.,  1500.,  1600., 1700.,  1800., 1900.,  2000.,  2100.,  2200.,  2300.,  2400., 2500.,  2600.,  2700.,  2800.,  2900.,  3000.,  3100.,  3200., 3300.,  3400.,  3500.,  3600., 3700.,  3800.,  3900.,  4000., 4100.,  4200.,  4300.,  4400.,  4500.,  4600.,  4700.,  4800., 4900.,  5000., 5100.,  5200.,  5300.,  5400.,  5500.,  5600.,  5700.,  5800., 5900.,  6000.
  v  j  v' j'    k(cm3 s-1) (T) , T= 100 to 6000K by steps of 100K










  0  2  0  0     0.7200E-13     0.8123E-13     0.8961E-13     0.1182E-12     0.2004E-12     0.3663E-12     0.6377E-12     0.1020E-11     0.1513E-11     0.2108E-11     0.2791E-11     0.3548E-11     0.4365E-11     0.5229E-11     0.6128E-11     0.7051E-11     0.7990E-11     0.8936E-11     0.9884E-11     0.1083E-10     0.1177E-10     0.1269E-10     0.1361E-10     0.1450E-10     0.1538E-10     0.1624E-10     0.1709E-10     0.1791E-10     0.1872E-10     0.1950E-10     0.2027E-10     0.2101E-10     0.2174E-10     0.2245E-10     0.2314E-10     0.2381E-10     0.2446E-10     0.2510E-10     0.2572E-10     0.2633E-10     0.2692E-10     0.2749E-10     0.2806E-10     0.2860E-10     0.2914E-10     0.2966E-10     0.3017E-10     0.3066E-10     0.3115E-10     0.3162E-10     0.3208E-10     0.3254E-10     0.3298E-10     0.3341E-10     0.3383E-10     0.3424E-10     0.3465E-10     0.3504E-10     0.3543E-10     0.3581E-10
  0  3  0  1     0.2491E-13     0.3712E-13     0.5789E-13     0.1171E-12     0.2578E-12     0.5273E-12     0.9536E-12     0.1554E-11     0.2327E-11     0.3262E-11     0.4345E-11     0.5555E-11     0.6872E-11     0.8274E-11     0.9744E-11     0.1126E-10     0.1282E-10     0.1440E-10     0.1599E-10     0.1758E-10     0.1917E-10     0.2075E-10     0.2231E-10     0.2385E-10     0.2537E-10     0.2686E-10     0.2832E-10     0.2975E-10     0.3115E-10     0.3251E-10     0.3385E-10     0.3515E-10     0.3642E-10     0.3766E-10     0.3887E-10     0.4005E-10     0.4119E-10     0.4231E-10     0.4339E-10     0.4445E-10     0.4548E-10     0.4648E-10     0.4746E-10     0.4841E-10     0.4934E-10     0.5024E-10     0.5112E-10     0.5198E-10     0.5281E-10     0.5362E-10     0.5441E-10     0.5519E-10     0.5594E-10     0.5667E-10     0.5739E-10     0.5809E-10     0.5877E-10     0.5943E-10     0.6008E-10     0.6072E-10