  0   j''=j'
                  14              13              12              11              10               9               8               7               6               5               4               3               2               1
    1    0   0.6094641E-13   0.1367911E-12   0.1860857E-12   0.1826816E-12   0.9029585E-13   0.8476571E-14   0.1166821E-11   0.1183674E-10   0.8235599E-10   0.5257037E-09   0.3487193E-08   0.2604539E-07   0.1939492E-06   0.4288885E-06
    1    1   0.1111921E-12   0.1603141E-12   0.4030275E-13   0.1741369E-12   0.3343471E-11   0.2342436E-10   0.1255633E-09   0.6187857E-09   0.3053071E-08   0.1606181E-07   0.9374430E-07   0.4986083E-06   0.6366630E-06
    1    2   0.5929572E-12   0.2910538E-11   0.1204756E-10   0.4707299E-10   0.1777598E-09   0.6662409E-09   0.2543723E-08   0.1017287E-07   0.4417493E-07   0.2100845E-06   0.8417861E-06   0.6867393E-06
    1    3   0.3160644E-10   0.1065344E-09   0.2932913E-09   0.8238679E-09   0.2431315E-08   0.7601179E-08   0.2552167E-07   0.9423063E-07   0.3744649E-06   0.1159874E-05   0.6322902E-06
    1    4   0.3583922E-09   0.1116446E-08   0.2754379E-08   0.6910488E-08   0.1845458E-07   0.5357206E-07   0.1719516E-06   0.5780733E-06   0.1396752E-05   0.5175872E-06
    1    5   0.2278749E-08   0.6857688E-08   0.1610124E-07   0.3846884E-07   0.9932455E-07   0.2813117E-06   0.8005924E-06   0.1505244E-05   0.3787789E-06
    1    6   0.1024868E-07   0.3044833E-07   0.7052512E-07   0.1672444E-06   0.4207158E-06   0.1003517E-05   0.1452744E-05   0.2440688E-06
    1    7   0.3726270E-07   0.1108075E-06   0.2550050E-06   0.5705850E-06   0.1122163E-05   0.1232501E-05   0.1332834E-06
    1    8   0.1127351E-06   0.3239789E-06   0.6639989E-06   0.1068481E-05   0.8796536E-06   0.5701552E-07
    1    9   0.2276849E-06   0.5615854E-06   0.7780687E-06   0.4830370E-06   0.1593472E-07
    1   10   0.1983648E-06   0.3351466E-06   0.1682349E-06   0.1538067E-08
    1   11   0.3785062E-07   0.2193898E-07   0.1399184E-09
    1   12   0.1057598E-10   0.5445309E-09
    1   13   0.7358908E-10
                  14              13              12              11              10               9               8               7               6               5               4               3               2               1
    2    0   0.3546257E-13   0.8425592E-13   0.1135268E-12   0.1062918E-12   0.4333847E-13   0.1918104E-13   0.9902644E-12   0.9124928E-11   0.6125524E-10   0.3838998E-09   0.2519157E-08   0.1868506E-07   0.1382846E-06   0.3030267E-06
    2    1   0.5096386E-13   0.6988992E-13   0.5673547E-14   0.2233402E-12   0.2887160E-11   0.1840465E-10   0.9469622E-10   0.4564171E-09   0.2221555E-08   0.1158500E-07   0.6720185E-07   0.3552055E-06   0.4491958E-06
    2    2   0.5566390E-12   0.2609455E-11   0.1000480E-10   0.3707308E-10   0.1353057E-09   0.4959405E-09   0.1865203E-08   0.7381842E-08   0.3182281E-07   0.1504930E-06   0.5990631E-06   0.4836765E-06
    2    3   0.2335065E-10   0.8186100E-10   0.2227472E-09   0.6161807E-09   0.1794114E-08   0.5549134E-08   0.1847983E-07   0.6781460E-07   0.2680344E-06   0.8243293E-06   0.4443264E-06
    2    4   0.2523093E-09   0.8257407E-09   0.2033646E-08   0.5065032E-08   0.1342532E-07   0.3872537E-07   0.1236428E-06   0.4133550E-06   0.9908899E-06   0.3626449E-06
    2    5   0.1570296E-08   0.4982433E-08   0.1172176E-07   0.2789765E-07   0.7169762E-07   0.2020916E-06   0.5716043E-06   0.1065151E-05   0.2643192E-06
    2    6   0.6981926E-08   0.2190944E-07   0.5094794E-07   0.1205263E-06   0.3017705E-06   0.7146859E-06   0.1024192E-05   0.1693380E-06
    2    7   0.2523243E-07   0.7926510E-07   0.1830540E-06   0.4078315E-06   0.7955944E-06   0.8640003E-06   0.9166985E-07
    2    8   0.7560724E-07   0.2292857E-06   0.4703737E-06   0.7511106E-06   0.6110120E-06   0.3864558E-07
    2    9   0.1488780E-06   0.3880300E-06   0.5375342E-06   0.3301615E-06   0.1048641E-07
    2   10   0.1236528E-06   0.2221993E-06   0.1113369E-06   0.9130537E-09
    2   11   0.2157066E-07   0.1330920E-07   0.1264803E-09
    2   12   0.5797838E-14   0.3757850E-09
    2   13   0.4042566E-10
                  14              13              12              11              10               9               8               7               6               5               4               3               2               1
    3    0   0.2322151E-13   0.6192104E-13   0.8200073E-13   0.7028114E-13   0.1858289E-13   0.4828366E-13   0.1160973E-11   0.9473148E-11   0.6056252E-10   0.3698756E-09   0.2389833E-08   0.1754854E-07   0.1286991E-06   0.2782219E-06
    3    1   0.2018638E-13   0.2295824E-13   0.3679816E-14   0.3923750E-12   0.3457073E-11   0.1959642E-10   0.9545024E-10   0.4460470E-09   0.2129573E-08   0.1096585E-07   0.6304553E-07   0.3301680E-06   0.4115536E-06
    3    2   0.6885045E-12   0.3246814E-11   0.1142387E-10   0.3960593E-10   0.1381382E-09   0.4910008E-09   0.1807785E-08   0.7048573E-08   0.3006890E-07   0.1410364E-06   0.5559716E-06   0.4419709E-06
    3    3   0.2194939E-10   0.8437008E-10   0.2266103E-09   0.6140595E-09   0.1754685E-08   0.5344979E-08   0.1759186E-07   0.6398654E-07   0.2508994E-06   0.7634919E-06   0.4046341E-06
    3    4   0.2222973E-09   0.8079044E-09   0.1989544E-08   0.4906171E-08   0.1286689E-07   0.3677663E-07   0.1165217E-06   0.3863435E-06   0.9152530E-06   0.3287683E-06
    3    5   0.1342725E-08   0.4753941E-08   0.1124062E-07   0.2661587E-07   0.6795315E-07   0.1901925E-06   0.5330260E-06   0.9800565E-06   0.2381601E-06
    3    6   0.5874614E-08   0.2062062E-07   0.4832186E-07   0.1139479E-06   0.2833289E-06   0.6638806E-06   0.9370457E-06   0.1512447E-06
    3    7   0.2104893E-07   0.7396574E-07   0.1719837E-06   0.3808014E-06   0.7339155E-06   0.7836366E-06   0.8078645E-07
    3    8   0.6211178E-07   0.2104145E-06   0.4330050E-06   0.6837618E-06   0.5463936E-06   0.3329675E-07
    3    9   0.1174641E-06   0.3430697E-06   0.4761541E-06   0.2879544E-06   0.8624435E-08
    3   10   0.9043628E-07   0.1842376E-06   0.9228696E-07   0.6306811E-09
    3   11   0.1363232E-07   0.9566672E-08   0.1564107E-09
    3   12   0.8664938E-11   0.3284167E-09
    3   13   0.2374233E-10
                  13              12              11              10               9               8               7               6               5               4               3               2               1
    4    0   0.4222279E-13   0.5417038E-13   0.3924525E-13   0.2709216E-14   0.1063786E-12   0.1466421E-11   0.1049820E-10   0.6336868E-10   0.3749542E-09   0.2376141E-08   0.1722656E-07   0.1248531E-06   0.2651049E-06
    4    1   0.3674820E-15   0.5269829E-13   0.6968715E-12   0.4463802E-11   0.2235817E-10   0.1022310E-09   0.4602381E-09   0.2145390E-08   0.1087293E-07   0.6180329E-07   0.3197668E-06   0.3910373E-06
    4    2   0.4309217E-11   0.1403907E-10   0.4536218E-10   0.1502377E-09   0.5147951E-09   0.1846592E-08   0.7066756E-08   0.2974896E-07   0.1380705E-06   0.5373385E-06   0.4184420E-06
    4    3   0.9213263E-10   0.2451920E-09   0.6489181E-09   0.1812683E-08   0.5418175E-08   0.1757112E-07   0.6319518E-07   0.2452494E-06   0.7359025E-06   0.3813370E-06
    4    4   0.8298952E-09   0.2053940E-08   0.5007593E-08   0.1296221E-07   0.3662527E-07   0.1149059E-06   0.3768791E-06   0.8789206E-06   0.3079598E-06
    4    5   0.4735406E-08   0.1132113E-07   0.2665745E-07   0.6750359E-07   0.1872205E-06   0.5183461E-06   0.9362260E-06   0.2212319E-06
    4    6   0.2019731E-07   0.4800582E-07   0.1128140E-06   0.2779884E-06   0.6421683E-06   0.8882342E-06   0.1388191E-06
    4    7   0.7165032E-07   0.1687172E-06   0.3707024E-06   0.7030779E-06   0.7339849E-06   0.7279640E-07
    4    8   0.1990783E-06   0.4129513E-06   0.6429588E-06   0.5018413E-06   0.2907427E-07
    4    9   0.3080466E-06   0.4306533E-06   0.2553692E-06   0.7045694E-08
    4   10   0.1511626E-06   0.7609344E-07   0.3888585E-09
    4   11   0.6349748E-08   0.2015761E-09
    4   12   0.2851602E-09
                  13              12              11              10               9               8               7               6               5               4               3               2               1
    5    0   0.2454934E-13   0.2952776E-13   0.1464755E-13   0.2180567E-14   0.2062973E-12   0.1900617E-11   0.1196875E-10   0.6790941E-10   0.3877370E-09   0.2402692E-08   0.1715901E-07   0.1225916E-06   0.2545756E-06
    5    1   0.1743169E-13   0.1846637E-12   0.1183750E-11   0.5908529E-11   0.2628426E-10   0.1124402E-09   0.4856873E-09   0.2202963E-08   0.1095979E-07   0.6146109E-07   0.3133218E-06   0.3741620E-06
    5    2   0.5743039E-11   0.1771646E-10   0.5354380E-10   0.1680659E-09   0.5532625E-09   0.1926904E-08   0.7216846E-08   0.2991208E-07   0.1370845E-06   0.5251342E-06   0.3985794E-06
    5    3   0.1021047E-09   0.2722341E-09   0.7034357E-09   0.1916253E-08   0.5605271E-08   0.1786820E-07   0.6341585E-07   0.2430449E-06   0.7167193E-06   0.3611228E-06
    5    4   0.8610871E-09   0.2165457E-08   0.5220051E-08   0.1331435E-07   0.3712079E-07   0.1151049E-06   0.3725411E-06   0.8519793E-06   0.2893815E-06
    5    5   0.4745933E-08   0.1160447E-07   0.2719160E-07   0.6821744E-07   0.1871331E-06   0.5103243E-06   0.9014388E-06   0.2056737E-06
    5    6   0.1986160E-07   0.4844051E-07   0.1135117E-06   0.2766601E-06   0.6278475E-06   0.8467213E-06   0.1270749E-06
    5    7   0.6951539E-07   0.1675531E-06   0.3650039E-06   0.6786652E-06   0.6888774E-06   0.6505826E-07
    5    8   0.1870734E-06   0.3951391E-06   0.6053745E-06   0.4590235E-06   0.2492294E-07
    5    9   0.2698857E-06   0.3844961E-06   0.2229063E-06   0.5510671E-08
    5   10   0.1173195E-06   0.6008492E-07   0.1898285E-09
    5   11   0.3612081E-08   0.2539608E-09
    5   12   0.2325237E-09
                  13              12              11              10               9               8               7               6               5               4               3               2               1
    6    0   0.1059644E-13   0.1075313E-13   0.1166265E-14   0.2516298E-13   0.3607668E-12   0.2474004E-11   0.1383344E-10   0.7370722E-10   0.4051133E-09   0.2449443E-08   0.1720079E-07   0.1208593E-06   0.2444296E-06
    6    1   0.8643600E-13   0.4305624E-12   0.1901548E-11   0.7842939E-11   0.3132565E-10   0.1254274E-09   0.5188019E-09   0.2284487E-08   0.1113522E-07   0.6149944E-07   0.3081253E-06   0.3576888E-06
    6    2   0.7418964E-11   0.2246324E-10   0.6405985E-10   0.1908346E-09   0.6027762E-09   0.2034112E-08   0.7440545E-08   0.3031028E-07   0.1369183E-06   0.5147944E-06   0.3789386E-06
    6    3   0.1117728E-09   0.3056714E-09   0.7730337E-09   0.2051739E-08   0.5863011E-08   0.1833902E-07   0.6412439E-07   0.2422193E-06   0.6996627E-06   0.3408843E-06
    6    4   0.8815070E-09   0.2303834E-08   0.5502483E-08   0.1381858E-07   0.3796454E-07   0.1161673E-06   0.3701274E-06   0.8268869E-06   0.2705687E-06
    6    5   0.4682389E-08   0.1197766E-07   0.2799491E-07   0.6954230E-07   0.1883649E-06   0.5044818E-06   0.8676152E-06   0.1897729E-06
    6    6   0.1920655E-07   0.4915442E-07   0.1150705E-06   0.2769288E-06   0.6152015E-06   0.8048286E-06   0.1150075E-06
    6    7   0.6614403E-07   0.1667054E-06   0.3601538E-06   0.6541408E-06   0.6420629E-06   0.5712151E-07
    6    8   0.1705592E-06   0.3748359E-06   0.5648122E-06   0.4139740E-06   0.2073497E-07
    6    9   0.2244402E-06   0.3340025E-06   0.1891277E-06   0.4046196E-08
    6   10   0.8309876E-07   0.4448289E-07   0.5567522E-10
    6   11   0.1593771E-08   0.3027134E-09
    6   12   0.1691103E-09
                  13              12              11              10               9               8               7               6               5               4               3               2               1
    7    0   0.2165390E-14   0.8783147E-15   0.3730658E-14   0.7941822E-13   0.5810766E-12   0.3197771E-11   0.1607394E-10   0.8054162E-10   0.4257280E-09   0.2508231E-08   0.1729625E-07   0.1192699E-06   0.2339618E-06
    7    1   0.2017559E-12   0.8137613E-12   0.2893953E-11   0.1032104E-10   0.3749819E-10   0.1409377E-09   0.5580300E-09   0.2382531E-08   0.1136296E-07   0.6172088E-07   0.3031897E-06   0.3406095E-06
    7    2   0.8903456E-11   0.2822735E-10   0.7691840E-10   0.2183054E-09   0.6618896E-09   0.2162138E-08   0.7714181E-08   0.3084696E-07   0.1371330E-06   0.5046598E-06   0.3584885E-06
    7    3   0.1160940E-09   0.3436470E-09   0.8555294E-09   0.2213484E-08   0.6173869E-08   0.1892687E-07   0.6512036E-07   0.2419904E-06   0.6824601E-06   0.3197458E-06
    7    4   0.8573486E-09   0.2453879E-08   0.5835508E-08   0.1443255E-07   0.3904189E-07   0.1177314E-06   0.3684137E-06   0.8009342E-06   0.2508935E-06
    7    5   0.4385806E-08   0.1236563E-07   0.2896963E-07   0.7126400E-07   0.1903074E-06   0.4990647E-06   0.8319039E-06   0.1731716E-06
    7    6   0.1763233E-07   0.4985470E-07   0.1170586E-06   0.2777737E-06   0.6019074E-06   0.7599659E-06   0.1024939E-06
    7    7   0.5953323E-07   0.1650140E-06   0.3543845E-06   0.6267584E-06   0.5916883E-06   0.4902253E-07
    7    8   0.1449602E-06   0.3492562E-06   0.5188135E-06   0.3659901E-06   0.1660984E-07
    7    9   0.1690918E-06   0.2786675E-06   0.1545055E-06   0.2728673E-08
    7   10   0.5052877E-07   0.3014802E-07   0.1164010E-11
    7   11   0.4302148E-09   0.3332862E-09
    7   12   0.1005094E-09
                  12              11              10               9               8               7               6               5               4               3               2               1
    8    0   0.2338016E-14   0.2658397E-13   0.1715670E-12   0.8763380E-12   0.4080253E-11   0.1867647E-10   0.8826987E-10   0.4487621E-09   0.2574608E-08   0.1741771E-07   0.1176462E-06   0.2229426E-06
    8    1   0.1340513E-11   0.4192339E-11   0.1338709E-10   0.4482310E-10   0.1588168E-09   0.6024265E-09   0.2492817E-08   0.1162400E-07   0.6202867E-07   0.2980651E-06   0.3226249E-06
    8    2   0.3476821E-10   0.9208011E-10   0.2503558E-09   0.7297889E-09   0.2307538E-08   0.8024982E-08   0.3147339E-07   0.1375151E-06   0.4939797E-06   0.3369670E-06
    8    3   0.3830716E-09   0.9489552E-09   0.2398059E-08   0.6528318E-08   0.1960280E-07   0.6630537E-07   0.2419745E-06   0.6640921E-06   0.2975448E-06
    8    4   0.2595036E-08   0.6204002E-08   0.1513277E-07   0.4029650E-07   0.1196198E-06   0.3667825E-06   0.7729290E-06   0.2303180E-06
    8    5   0.1267729E-07   0.3004842E-07   0.7327019E-07   0.1926401E-06   0.4931417E-06   0.7931080E-06   0.1559486E-06
    8    6   0.5019827E-07   0.1191614E-06   0.2785508E-06   0.5866471E-06   0.7111857E-06   0.8969516E-07
    8    7   0.1611515E-06   0.3462948E-06   0.5949074E-06   0.5373793E-06   0.4094987E-07
    8    8   0.3159212E-06   0.4662100E-06   0.3155425E-06   0.1270237E-07
    8    9   0.2195029E-06   0.1202250E-06   0.1633537E-08
    8   10   0.1803952E-07   0.2490177E-10
    8   11   0.3303766E-09
                  12              11              10               9               8               7               6               5               4               3               2               1
    9    0   0.1614595E-13   0.7280653E-13   0.3066624E-12   0.1253250E-11   0.5126248E-11   0.2162459E-10   0.9677066E-10   0.4736087E-09   0.2645640E-08   0.1754870E-07   0.1158934E-06   0.2113317E-06
    9    1   0.1981341E-11   0.5809977E-11   0.1707170E-10   0.5331270E-10   0.1789383E-09   0.6512856E-09   0.2612397E-08   0.1190641E-07   0.6236609E-07   0.2925128E-06   0.3037185E-06
    9    2   0.4141403E-10   0.1093526E-09   0.2868380E-09   0.8058748E-09   0.2467932E-08   0.8364722E-08   0.3216039E-07   0.1379395E-06   0.4823597E-06   0.3144196E-06
    9    3   0.4176274E-09   0.1050513E-08   0.2602550E-08   0.6920054E-08   0.2034957E-07   0.6762237E-07   0.2419415E-06   0.6440327E-06   0.2744044E-06
    9    4   0.2690022E-08   0.6590255E-08   0.1590218E-07   0.4169588E-07   0.1217266E-06   0.3648421E-06   0.7422809E-06   0.2090397E-06
    9    5   0.1275498E-07   0.3115952E-07   0.7548068E-07   0.1951385E-06   0.4860716E-06   0.7507023E-06   0.1383549E-06
    9    6   0.4959182E-07   0.1210213E-06   0.2786816E-06   0.5684413E-06   0.6582406E-06   0.7687907E-07
    9    7   0.1530517E-06   0.3343823E-06   0.5573987E-06   0.4794488E-06   0.3314042E-07
    9    8   0.2721069E-06   0.4065630E-06   0.2637026E-06   0.9170178E-08
    9    9   0.1587223E-06   0.8779919E-07   0.8140588E-09
    9   10   0.8931530E-08   0.1064463E-09
    9   11   0.2837208E-09
                  12              11              10               9               8               7               6               5               4               3               2               1
   10    0   0.4009690E-13   0.1437560E-12   0.4880759E-12   0.1716314E-11   0.6337515E-11   0.2490223E-10   0.1059351E-09   0.4997771E-09   0.2719193E-08   0.1767822E-07   0.1139554E-06   0.1991770E-06
   10    1   0.2615242E-11   0.7728763E-11   0.2138703E-10   0.6296854E-10   0.2011888E-09   0.7040136E-09   0.2739054E-08   0.1220199E-07   0.6269569E-07   0.2863929E-06   0.2840049E-06
   10    2   0.4634107E-10   0.1282336E-09   0.3275008E-09   0.8896334E-09   0.2641546E-08   0.8727764E-08   0.3288900E-07   0.1383221E-06   0.4695714E-06   0.2910331E-06
   10    3   0.4320788E-09   0.1155330E-08   0.2823717E-08   0.7344424E-08   0.2115654E-07   0.6903526E-07   0.2417290E-06   0.6219863E-06   0.2505781E-06
   10    4   0.2653739E-08   0.6967290E-08   0.1672473E-07   0.4321943E-07   0.1239771E-06   0.3622919E-06   0.7086870E-06   0.1873612E-06
   10    5   0.1223973E-07   0.3219576E-07   0.7781439E-07   0.1975975E-06   0.4773132E-06   0.7044996E-06   0.1207137E-06
   10    6   0.4668631E-07   0.1221009E-06   0.2775036E-06   0.5464146E-06   0.6012712E-06   0.6435035E-07
   10    7   0.1366838E-06   0.3167814E-06   0.5132547E-06   0.4186404E-06   0.2583392E-07
   10    8   0.2140960E-06   0.3401291E-06   0.2119385E-06   0.6147058E-08
   10    9   0.9956390E-07   0.5884959E-07   0.2897166E-09
   10   10   0.3175714E-08   0.2085712E-09
   10   11   0.1953860E-09
                  11              10               9               8               7               6               5               4               3               2               1
   11    0   0.2379641E-12   0.7174551E-12   0.2268362E-11   0.7714069E-11   0.2848925E-10   0.1156671E-09   0.5268689E-09   0.2793690E-08   0.1779855E-07   0.1117967E-06   0.1865715E-06
   11    1   0.9868560E-11   0.2631864E-10   0.7378331E-10   0.2254742E-09   0.7601672E-09   0.2871137E-08   0.1250505E-07   0.6299102E-07   0.2796182E-06   0.2636650E-06
   11    2   0.1475514E-09   0.3718717E-09   0.9805779E-09   0.2827092E-08   0.9110407E-08   0.3364700E-07   0.1386013E-06   0.4554755E-06   0.2670649E-06
   11    3   0.1253878E-08   0.3057087E-08   0.7797758E-08   0.2201783E-07   0.7052034E-07   0.2412068E-06   0.5977830E-06   0.2263812E-06
   11    4   0.7285972E-08   0.1758048E-07   0.4485228E-07   0.1263091E-06   0.3588631E-06   0.6720083E-06   0.1656306E-06
   11    5   0.3295716E-07   0.8015804E-07   0.1997845E-06   0.4663392E-06   0.6545237E-06   0.1033727E-06
   11    6   0.1214581E-06   0.2741474E-06   0.5197000E-06   0.5406939E-06   0.5241393E-07
   11    7   0.2910062E-06   0.4616888E-06   0.3560383E-06   0.1924650E-07
   11    8   0.2680399E-06   0.1620101E-06   0.3726008E-08
   11    9   0.3489407E-07   0.4065043E-10
   11   10   0.2852195E-09
                  11              10               9               8               7               6               5               4               3               2               1
   12    0   0.3476976E-12   0.9939572E-12   0.2910949E-11   0.9255931E-11   0.3237146E-10   0.1258885E-09   0.5545772E-09   0.2868013E-08   0.1790425E-07   0.1093953E-06   0.1736324E-06
   12    1   0.1200055E-10   0.3180684E-10   0.8574139E-10   0.2517307E-09   0.8194214E-09   0.3007544E-08   0.1281202E-07   0.6323286E-07   0.2721343E-06   0.2429138E-06
   12    2   0.1644684E-09   0.4190041E-09   0.1078174E-08   0.3023764E-08   0.9510801E-08   0.3442742E-07   0.1387281E-06   0.4399877E-06   0.2428056E-06
   12    3   0.1325025E-08   0.3295249E-08   0.8276782E-08   0.2293165E-07   0.7206236E-07   0.2402584E-06   0.5713323E-06   0.2021550E-06
   12    4   0.7440200E-08   0.1843708E-07   0.4657964E-07   0.1286591E-06   0.3542866E-06   0.6322173E-06   0.1442096E-06
   12    5   0.3299795E-07   0.8231513E-07   0.2013911E-06   0.4525891E-06   0.6009617E-06   0.8667594E-07
   12    6   0.1172309E-06   0.2673879E-06   0.4874040E-06   0.4771668E-06   0.4135182E-07
   12    7   0.2535093E-06   0.4021957E-06   0.2930364E-06   0.1355251E-07
   12    8   0.1925544E-06   0.1158734E-06   0.1947873E-08
   12    9   0.1708575E-07   0.8229406E-11
   12   10   0.2952375E-09
                  10               9               8               7               6               5               4               3               2               1
   13    0   0.1312338E-11   0.3645156E-11   0.1096452E-10   0.3654025E-10   0.1365462E-09   0.5826953E-09   0.2941485E-08   0.1799163E-07   0.1067379E-06   0.1604888E-06
   13    1   0.3768908E-10   0.9880326E-10   0.2799363E-09   0.8816264E-09   0.3147753E-08   0.1312118E-07   0.6340713E-07   0.2639086E-06   0.2219813E-06
   13    2   0.4668589E-09   0.1181658E-08   0.3231243E-08   0.9929004E-08   0.3522788E-07   0.1386611E-06   0.4230604E-06   0.2185582E-06
   13    3   0.3523927E-08   0.8777527E-08   0.2389972E-07   0.7365109E-07   0.2387686E-06   0.5426004E-06   0.1782452E-06
   13    4   0.1922978E-07   0.4837697E-07   0.1309471E-06   0.3482691E-06   0.5893762E-06   0.1234522E-06
   13    5   0.8390133E-07   0.2019686E-06   0.4354357E-06   0.5441497E-06   0.7094517E-07
   13    6   0.2554198E-06   0.4486095E-06   0.4115877E-06   0.3140629E-07
   13    7   0.3347445E-06   0.2313223E-06   0.8870796E-08
   13    8   0.7554670E-07   0.7949255E-09
   13    9   0.1027569E-09
                  10               9               8               7               6               5               4               3               2               1
   14    0   0.1655473E-11   0.4468607E-11   0.1284399E-10   0.4099797E-10   0.1476188E-09   0.6111346E-09   0.3013858E-08   0.1805842E-07   0.1038175E-06   0.1472742E-06
   14    1   0.4354101E-10   0.1128738E-09   0.3101076E-09   0.9468247E-09   0.3291884E-08   0.1343268E-07   0.6350337E-07   0.2549242E-06   0.2011009E-06
   14    2   0.5106355E-09   0.1289602E-08   0.3449647E-08   0.1036709E-07   0.3605000E-07   0.1383619E-06   0.4046736E-06   0.1946236E-06
   14    3   0.3711395E-08   0.9292655E-08   0.2492610E-07   0.7527754E-07   0.2366129E-06   0.5115994E-06   0.1549870E-06
   14    4   0.1980708E-07   0.5018961E-07   0.1330546E-06   0.3404717E-06   0.5436298E-06   0.1036906E-06
   14    5   0.8409558E-07   0.2008264E-06   0.4141610E-06   0.4845780E-06   0.5646556E-07
   14    6   0.2354535E-06   0.4024222E-06   0.3451086E-06   0.2276671E-07
   14    7   0.2600653E-06   0.1728518E-06   0.5254817E-08
   14    8   0.4289894E-07   0.1899739E-09
   14    9   0.2195400E-09
                   9               8               7               6               5               4               3               2               1
   15    0   0.5371795E-11   0.1490030E-10   0.4575931E-10   0.1591223E-09   0.6399245E-09   0.3085312E-08   0.1810348E-07   0.1006319E-06   0.1341215E-06
   15    1   0.1276775E-09   0.3422749E-09   0.1015280E-08   0.3440773E-08   0.1374843E-07   0.6351345E-07   0.2451760E-06   0.1805009E-06
   15    2   0.1398799E-08   0.3679293E-08   0.1082926E-07   0.3689867E-07   0.1377906E-06   0.3848289E-06   0.1712908E-06
   15    3   0.9804707E-08   0.2601424E-07   0.7692800E-07   0.2336461E-06   0.4783830E-06   0.1326947E-06
   15    4   0.5188658E-07   0.1347885E-06   0.3304870E-06   0.4952086E-06   0.8522391E-07
   15    5   0.1968585E-06   0.3879379E-06   0.4229073E-06   0.4347445E-07
   15    6   0.3480753E-06   0.2791553E-06   0.1555902E-07
   15    7   0.1197887E-06   0.2686261E-08
   15    8   0.2315194E-11
                   9               8               7               6               5               4               3               2               1
   16    0   0.6321153E-11   0.1713804E-10   0.5085296E-10   0.1711195E-09   0.6692397E-09   0.3156457E-08   0.1812653E-07   0.9718268E-07   0.1211586E-06
   16    1   0.1424336E-09   0.3763907E-09   0.1087482E-08   0.3596044E-08   0.1407206E-07   0.6343018E-07   0.2346674E-06   0.1603983E-06
   16    2   0.1501241E-08   0.3919987E-08   0.1132170E-07   0.3778098E-07   0.1369015E-06   0.3635463E-06   0.1488295E-06
   16    3   0.1026697E-07   0.2715974E-07   0.7857410E-07   0.2296892E-06   0.4430458E-06   0.1116527E-06
   16    4   0.5314535E-07   0.1358190E-06   0.3178141E-06   0.4444379E-06   0.6830928E-07
   16    5   0.1882176E-06   0.3558279E-06   0.3599935E-06   0.3215224E-07
   16    6   0.2851066E-06   0.2154423E-06   0.9837682E-08
   16    7   0.7437855E-07   0.1073035E-08
   16    8   0.6242959E-10
                   8               7               6               5               4               3               2               1
   17    0   0.1954810E-10   0.5632189E-10   0.1837232E-09   0.6994105E-09   0.3228341E-08   0.1812785E-07   0.9347352E-07   0.1085063E-06
   17    1   0.4120885E-09   0.1164112E-08   0.3760207E-08   0.1440883E-07   0.6324570E-07   0.2234090E-06   0.1409945E-06
   17    2   0.4169001E-08   0.1185199E-07   0.3870418E-07   0.1356368E-06   0.3408626E-06   0.1274844E-06
   17    3   0.2833235E-07   0.8015540E-07   0.2245130E-06   0.4057273E-06   0.9211011E-07
   17    4   0.1355672E-06   0.3018306E-06   0.3917548E-06   0.5315484E-07
   17    5   0.3168002E-06   0.2969195E-06   0.2261482E-07
   17    6   0.1559705E-06   0.5580001E-08
   17    7   0.2527754E-09
                   8               7               6               5               4               3               2               1
   18    0   0.2207037E-10   0.6221304E-10   0.1971036E-09   0.7309457E-09   0.3302444E-08   0.1810797E-07   0.8951003E-07   0.9627523E-07
   18    1   0.4479940E-09   0.1245911E-08   0.3936735E-08   0.1476542E-07   0.6294962E-07   0.2114165E-06   0.1224714E-06
   18    2   0.4415086E-08   0.1242714E-07   0.3967212E-07   0.1339196E-06   0.3168315E-06   0.1074706E-06
   18    3   0.2942775E-07   0.8154723E-07   0.2178176E-06   0.3666190E-06   0.7427485E-07
   18    4   0.1329809E-06   0.2817626E-06   0.3377313E-06   0.3991381E-07
   18    5   0.2697824E-06   0.2350293E-06   0.1490751E-07
   18    6   0.1029819E-06   0.2683392E-08
   18    7   0.3877601E-11
                   7               6               5               4               3               2               1
   19    0   0.6855011E-10   0.2114904E-09   0.7645627E-09   0.3380698E-08   0.1806727E-07   0.8529880E-07   0.8456521E-07
   19    1   0.1333239E-08   0.4130064E-08   0.1514949E-07   0.6252657E-07   0.1987103E-06   0.1049895E-06
   19    2   0.1304780E-07   0.4067841E-07   0.1316436E-06   0.2915256E-06   0.8897128E-07
   19    3   0.8249878E-07   0.2092060E-06   0.3259761E-06   0.5831018E-07
   19    4   0.2566536E-06   0.2831047E-06   0.2867958E-07
   19    5   0.1759595E-06   0.9000462E-08
   19    6   0.9665104E-09
                   7               6               5               4               3               2               1
   20    0   0.7524450E-10   0.2271636E-09   0.8012242E-09   0.3465494E-08   0.1800553E-07   0.8084697E-07   0.7346374E-07
   20    1   0.1424627E-08   0.4345306E-08   0.1556891E-07   0.6195305E-07   0.1853152E-06   0.8868567E-07
   20    2   0.1369136E-07   0.4169308E-07   0.1286609E-06   0.2650408E-06   0.7213452E-07
   20    3   0.8250292E-07   0.1981496E-06   0.2841350E-06   0.4433122E-07
   20    4   0.2253264E-06   0.2288156E-06   0.1948167E-07
   20    5   0.1216519E-06   0.4785693E-08
   20    6   0.1758699E-09
                   6               5               4               3               2               1
   21    0   0.2444032E-09   0.8421791E-09   0.3559658E-08   0.1792134E-07   0.7616195E-07   0.6304555E-07
   21    1   0.4587006E-08   0.1602987E-07   0.6119314E-07   0.1712616E-06   0.7367265E-07
   21    2   0.4263507E-07   0.1247631E-06   0.2375027E-06   0.5707196E-07
   21    3   0.1839403E-06   0.2415359E-06   0.3240234E-07
   21    4   0.1760499E-06   0.1228229E-07
   21    5   0.2076412E-08
                   6               5               4               3               2               1
   22    0   0.2632928E-09   0.8889801E-09   0.3666417E-08   0.1781134E-07   0.7125132E-07   0.5337229E-07
   22    1   0.4854766E-08   0.1653300E-07   0.6019248E-07   0.1565864E-06   0.6003793E-07
   22    2   0.4331046E-07   0.1196560E-06   0.2090767E-06   0.4385741E-07
   22    3   0.1656168E-06   0.1987539E-06   0.2253474E-07
   22    4   0.1262809E-06   0.6973686E-08
   22    5   0.6096647E-09
                   5               4               3               2               1
   23    0   0.9433783E-09   0.3789177E-08   0.1766909E-07   0.6612299E-07   0.4449240E-07
   23    1   0.1706448E-07   0.5886936E-07   0.1413366E-06   0.4784358E-07
   23    2   0.1129190E-06   0.1799824E-06   0.3252567E-07
   23    3   0.1565369E-06   0.1468433E-07
   23    4   0.3376441E-08
                   4               3               2               1
   24    0   0.3930974E-08   0.1748352E-07   0.6078558E-07   0.3644127E-07
   24    1   0.5710123E-07   0.1255733E-06   0.3712604E-07
   24    2   0.1505124E-06   0.2307156E-07
   24    3   0.8749616E-08
                   4               3               2               1
   25    0   0.4092955E-08   0.1723647E-07   0.5524919E-07   0.2924141E-07
   25    1   0.5470229E-07   0.1093787E-06   0.2789595E-07
   25    2   0.1210578E-06   0.1544879E-07
   25    3   0.4569800E-08
                   3               2               1
   26    0   0.1689872E-07   0.4952658E-07   0.2290264E-07
   26    1   0.9286390E-07   0.2013800E-07
   26    2   0.9568682E-08
                   3               2               1
   27    0   0.1642309E-07   0.4363483E-07   0.1742237E-07
   27    1   0.7618177E-07   0.1381058E-07
   27    2   0.5298558E-08
                   2               1
   28    0   0.3759765E-07   0.1278565E-07
   28    1   0.8845133E-08
                   1
   29    0   0.8965250E-08
                   1
   30    0   0.5921477E-08

