 -1   j''=j'-2
    0    1    2    3    4    5    6    7    8    9   10   11   12   13   14   15   16   17   18   19   20   21   22   23   24   25   26   27   28   29   30   31
   14   14   14   14   13   13   13   13   12   12   12   11   11   10   10    9    9    8    8    7    7    6    6    5    4    4    3    3    2    1    1    0
                  14              13              12              11              10               9               8               7               6               5               4               3               2               1               0
    2    0   0.2237387D-13   0.7602406D-13   0.1977334D-12   0.5213964D-12   0.1451901D-11   0.4314544D-11   0.1378568D-10   0.4779910D-10   0.1820544D-09   0.7742611D-09   0.3770442D-08   0.2158490D-07   0.1274956D-06   0.2526477D-06   0.2941861D-10
    2    1   0.9136254D-12   0.2921039D-11   0.6942250D-11   0.1660788D-10   0.4217889D-10   0.1154684D-09   0.3432847D-09   0.1116306D-08   0.4011464D-08   0.1621802D-07   0.7435754D-07   0.3193196D-06   0.3682392D-06   0.2785271D-10
    2    2   0.1341938D-10   0.4181887D-10   0.9546189D-10   0.2177948D-09   0.5264447D-09   0.1372252D-08   0.3889314D-08   0.1209050D-07   0.4182921D-07   0.1596160D-06   0.5251917D-06   0.3887424D-06   0.2562084D-10
    2    3   0.1134336D-09   0.3482740D-09   0.7759521D-09   0.1717738D-08   0.4014277D-08   0.1009914D-07   0.2769061D-07   0.8385339D-07   0.2725329D-06   0.7046406D-06   0.3486287D-06   0.2286455D-10
    2    4   0.6603998D-09   0.2006322D-08   0.4390842D-08   0.9499055D-08   0.2165128D-07   0.5333326D-07   0.1438210D-06   0.4027391D-06   0.8253184D-06   0.2759507D-06   0.1973521D-10
    2    5   0.2893664D-08   0.8718498D-08   0.1883163D-07   0.4018880D-07   0.9080654D-07   0.2207367D-06   0.5331329D-06   0.8632017D-06   0.1929824D-06   0.1639213D-10
    2    6   0.1012390D-07   0.3041428D-07   0.6556031D-07   0.1398360D-06   0.3084634D-06   0.6370694D-06   0.8053785D-06   0.1164241D-06   0.1300119D-10
    2    7   0.3000779D-07   0.9023147D-07   0.1929825D-06   0.3883426D-06   0.6759926D-06   0.6558682D-06   0.5720277D-07   0.9732591D-11
    2    8   0.7481193D-07   0.2173394D-06   0.4148839D-06   0.6053520D-06   0.4432246D-06   0.2004835D-07   0.6755859D-11
    2    9   0.1254340D-06   0.3142382D-06   0.4064929D-06   0.2237738D-06   0.3319574D-08   0.4229336D-11
    2   10   0.8965413D-07   0.1528951D-06   0.6623449D-07   0.1034590D-10   0.2280714D-11
    2   11   0.1171244D-07   0.5126075D-08   0.1083567D-08   0.9760833D-12
    2   12   0.1826906D-09   0.9090440D-09   0.2810476D-12
    2   13   0.8213459D-10   0.3612945D-13
    2   14   0.4125351D-15
                  14              13              12              11              10               9               8               7               6               5               4               3               2               1               0
    3    0   0.1829274D-12   0.6235205D-12   0.1380310D-11   0.2993844D-11   0.6838942D-11   0.1685438D-10   0.4537224D-10   0.1347507D-09   0.4462244D-09   0.1669863D-08   0.7202210D-08   0.3643706D-07   0.1899613D-06   0.3470571D-06   0.4759574D-09
    3    1   0.3961020D-11   0.1339951D-10   0.2926860D-10   0.6241568D-10   0.1398876D-09   0.3377588D-09   0.8893100D-09   0.2576095D-08   0.8288490D-08   0.3003028D-07   0.1226021D-06   0.4677580D-06   0.4976517D-06   0.4494924D-09
    3    2   0.4107946D-10   0.1382401D-09   0.2991717D-09   0.6300623D-09   0.1390667D-08   0.3297015D-08   0.8493651D-08   0.2399253D-07   0.7513349D-07   0.2570100D-06   0.7559912D-06   0.5151483D-06   0.4124482D-09
    3    3   0.2765365D-09   0.9264902D-09   0.1988709D-08   0.4139954D-08   0.9000192D-08   0.2094113D-07   0.5284437D-07   0.1460878D-06   0.4282622D-06   0.9957562D-06   0.4507684D-06   0.3671391D-09
    3    4   0.1365946D-08   0.4555753D-08   0.9695111D-08   0.1993455D-07   0.4269039D-07   0.9787678D-07   0.2427599D-06   0.6168689D-06   0.1143096D-05   0.3454302D-06   0.3160278D-09
    3    5   0.5270913D-08   0.1749822D-07   0.3693954D-07   0.7526337D-07   0.1599432D-06   0.3601283D-06   0.7942951D-06   0.1168588D-05   0.2308485D-06   0.2616966D-09
    3    6   0.1660338D-07   0.5501352D-07   0.1158940D-06   0.2352118D-06   0.4843752D-06   0.9200635D-06   0.1060771D-05   0.1299290D-06   0.2068257D-09
    3    7   0.4460451D-07   0.1475382D-06   0.3066590D-06   0.5826166D-06   0.9407003D-06   0.8335438D-06   0.5656064D-07   0.1541563D-09
    3    8   0.9971811D-07   0.3177210D-06   0.5861709D-06   0.8023818D-06   0.5349518D-06   0.1515420D-07   0.1064076D-09
    3    9   0.1465625D-06   0.4032153D-06   0.5001663D-06   0.2475662D-06   0.7674855D-09   0.6610223D-10
    3   10   0.8723920D-07   0.1621815D-06   0.6049351D-07   0.1344222D-08   0.3524351D-10
    3   11   0.7035826D-08   0.1888006D-08   0.3698041D-08   0.1480831D-10
    3   12   0.7603430D-09   0.2035747D-08   0.4120360D-11
    3   13   0.1239626D-09   0.4880151D-12
    3   14   0.3718743D-14
                  13              12              11              10               9               8               7               6               5               4               3               2               1               0
    4    0   0.1875874D-11   0.4038681D-11   0.8248640D-11   0.1750692D-10   0.3982123D-10   0.9862140D-10   0.2691062D-09   0.8183855D-09   0.2810505D-08   0.1108889D-07   0.5085219D-07   0.2379721D-06   0.3981848D-06   0.2753695D-08
    4    1   0.3319015D-10   0.7120808D-10   0.1447309D-09   0.3052896D-09   0.6889587D-09   0.1688502D-08   0.4540089D-08   0.1352101D-07   0.4509896D-07   0.1676053D-06   0.5761781D-06   0.5596355D-06   0.2590957D-08
    4    2   0.2950215D-09   0.6308776D-09   0.1275749D-08   0.2671387D-08   0.5966343D-08   0.1440775D-07   0.3796553D-07   0.1100588D-06   0.3439811D-06   0.9148361D-06   0.5652388D-06   0.2368705D-08
    4    3   0.1752857D-08   0.3732425D-08   0.7496325D-08   0.1553847D-07   0.3421058D-07   0.8111329D-07   0.2085898D-06   0.5605858D-06   0.1182056D-05   0.4792278D-06   0.2100526D-08
    4    4   0.7787894D-08   0.1648308D-07   0.3279268D-07   0.6711184D-07   0.1455703D-06   0.3373275D-06   0.7883590D-06   0.1328021D-05   0.3518240D-06   0.1800775D-08
    4    5   0.2738049D-07   0.5755510D-07   0.1134881D-06   0.2298294D-06   0.4855645D-06   0.9883122D-06   0.1323598D-05   0.2208170D-06   0.1484425D-08
    4    6   0.7935106D-07   0.1661260D-06   0.3245289D-06   0.6304204D-06   0.1109384D-05   0.1163798D-05   0.1121840D-06   0.1166948D-08
    4    7   0.1953543D-06   0.4007375D-06   0.7249989D-06   0.1090085D-05   0.8755828D-06   0.3995787D-07   0.8640939D-09
    4    8   0.3786409D-06   0.6835648D-06   0.8790870D-06   0.5257377D-06   0.5926039D-08   0.5913903D-09
    4    9   0.4172739D-06   0.4988997D-06   0.2154946D-06   0.4259001D-09   0.3630885D-09
    4   10   0.1309563D-06   0.3856480D-07   0.6363210D-08   0.1902364D-09
    4   11   0.2755638D-13   0.8282323D-08   0.7768149D-10
    4   12   0.3345778D-08   0.2047746D-10
    4   13   0.2120389D-11
                  13              12              11              10               9               8               7               6               5               4               3               2               1               0
    5    0   0.3877028D-11   0.8446526D-11   0.1680987D-10   0.3431458D-10   0.7452531D-10   0.1753455D-09   0.4527106D-09   0.1297792D-08   0.4183861D-08   0.1539924D-07   0.6511785D-07   0.2769281D-06   0.4207248D-06   0.9832528D-08
    5    1   0.6192609D-10   0.1347098D-09   0.2674569D-09   0.5440753D-09   0.1175510D-08   0.2743473D-08   0.6992242D-08   0.1964012D-07   0.6132938D-07   0.2106388D-06   0.6591683D-06   0.5769425D-06   0.9206832D-08
    5    2   0.5034936D-09   0.1092987D-08   0.2162268D-08   0.4373455D-08   0.9364703D-08   0.2155446D-07   0.5380981D-07   0.1465002D-06   0.4239319D-06   0.1027597D-05   0.5649642D-06   0.8376677D-08
    5    3   0.2761337D-08   0.5973564D-08   0.1174697D-07   0.2353524D-07   0.4968317D-07   0.1120983D-06   0.2714959D-06   0.6765809D-06   0.1301003D-05   0.4597700D-06   0.7391420D-08
    5    4   0.1139725D-07   0.2451665D-07   0.4776372D-07   0.9442278D-07   0.1958184D-06   0.4284663D-06   0.9297281D-06   0.1427628D-05   0.3185299D-06   0.6302762D-08
    5    5   0.3738480D-07   0.7985063D-07   0.1539537D-06   0.2998350D-06   0.5997622D-06   0.1134788D-05   0.1382537D-05   0.1827043D-06   0.5164276D-08
    5    6   0.1011972D-06   0.2147015D-06   0.4075225D-06   0.7524605D-06   0.1232637D-05   0.1170729D-05   0.7892426D-07   0.4031011D-08
    5    7   0.2306697D-06   0.4759414D-06   0.8260186D-06   0.1159048D-05   0.8345474D-06   0.1902878D-07   0.2958671D-08
    5    8   0.4025391D-06   0.7232896D-06   0.8743832D-06   0.4589228D-06   0.1492731D-09   0.2001720D-08
    5    9   0.3778312D-06   0.4392506D-06   0.1575925D-06   0.6644351D-08   0.1209404D-08
    5   10   0.8396751D-07   0.1564280D-07   0.1662904D-07   0.6185700D-09
    5   11   0.2333848D-08   0.1471650D-07   0.2426802D-09
    5   12   0.4472063D-08   0.5919104D-10
    5   13   0.4992283D-11
                  13              12              11              10               9               8               7               6               5               4               3               2               1               0
    6    0   0.6416212D-11   0.1464299D-10   0.2886853D-10   0.5754516D-10   0.1211788D-09   0.2750744D-09   0.6822355D-09   0.1870645D-08   0.5739086D-08   0.1995844D-07   0.7876329D-07   0.3071350D-06   0.4189130D-06   0.2642204D-07
    6    1   0.9594882D-10   0.2186909D-09   0.4301885D-09   0.8545755D-09   0.1789812D-08   0.4027625D-08   0.9849168D-08   0.2639804D-07   0.7803996D-07   0.2503683D-06   0.7183879D-06   0.5572329D-06   0.2459564D-07
    6    2   0.7332504D-09   0.1667711D-08   0.3268113D-08   0.6452051D-08   0.1338145D-07   0.2965436D-07   0.7083398D-07   0.1828948D-06   0.4946412D-06   0.1098563D-05   0.5245461D-06   0.2224676D-07
    6    3   0.3788887D-08   0.8586153D-08   0.1671667D-07   0.3266033D-07   0.6666930D-07   0.1443527D-06   0.3320867D-06   0.7736001D-06   0.1360643D-05   0.4042899D-06   0.1951047D-07
    6    4   0.1475124D-07   0.3322984D-07   0.6403730D-07   0.1232207D-06   0.2461113D-06   0.5122648D-06   0.1038846D-05   0.1454428D-05   0.2582148D-06   0.1652694D-07
    6    5   0.4564696D-07   0.1020299D-06   0.1941560D-06   0.3661694D-06   0.6979447D-06   0.1233462D-05   0.1362477D-05   0.1290327D-06   0.1344033D-07
    6    6   0.1162986D-06   0.2574746D-06   0.4790895D-06   0.8456867D-06   0.1293065D-05   0.1102564D-05   0.4159763D-07   0.1039779D-07
    6    7   0.2462921D-06   0.5262401D-06   0.8824898D-06   0.1156088D-05   0.7338446D-06   0.3228042D-08   0.7547190D-08
    6    8   0.3845375D-06   0.7072109D-06   0.8034445D-06   0.3577035D-06   0.4482262D-08   0.5031546D-08
    6    9   0.2975356D-06   0.3421790D-06   0.9281816D-07   0.2284793D-07   0.2977649D-08
    6   10   0.3863531D-07   0.1623135D-08   0.3268223D-07   0.1475678D-08
    6   11   0.8784204D-08   0.2210216D-07   0.5488002D-09
    6   12   0.4904563D-08   0.1202006D-09
    6   13   0.7418184D-11
                  13              12              11              10               9               8               7               6               5               4               3               2               1               0
    7    0   0.8811729D-11   0.2235231D-10   0.4420782D-10   0.8681637D-10   0.1787712D-09   0.3949321D-09   0.9493436D-09   0.2512128D-08   0.7400007D-08   0.2452911D-07   0.9112202D-07   0.3278658D-06   0.3954934D-06   0.5877419D-07
    7    1   0.1256175D-09   0.3181715D-09   0.6275694D-09   0.1227190D-08   0.2510267D-08   0.5488150D-08   0.1297644D-07   0.3344479D-07   0.9433233D-07   0.2848698D-06   0.7530019D-06   0.5063277D-06   0.5433892D-07
    7    2   0.9154736D-09   0.2313065D-08   0.4541614D-08   0.8815959D-08   0.1782813D-07   0.3829246D-07   0.8810565D-07   0.2172278D-06   0.5527615D-06   0.1128047D-05   0.4526670D-06   0.4881286D-07
    7    3   0.4508629D-08   0.1134592D-07   0.2211159D-07   0.4241021D-07   0.8420949D-07   0.1760000D-06   0.3869101D-06   0.8472524D-06   0.1363845D-05   0.3237127D-06   0.4250204D-07
    7    4   0.1670484D-07   0.4177074D-07   0.8047436D-07   0.1516557D-06   0.2932971D-06   0.5837854D-06   0.1111211D-05   0.1415066D-05   0.1831291D-06   0.3572077D-07
    7    5   0.4907992D-07   0.1216880D-06   0.2309332D-06   0.4241957D-06   0.7740405D-06   0.1281171D-05   0.1274630D-05   0.7224595D-07   0.2878976D-07
    7    6   0.1181466D-06   0.2893526D-06   0.5331286D-06   0.9038385D-06   0.1290811D-05   0.9751655D-06   0.1157657D-07   0.2203406D-07
    7    7   0.2321570D-06   0.5447378D-06   0.8900881D-06   0.1087112D-05   0.5929982D-06   0.1587996D-08   0.1577751D-07
    7    8   0.3195025D-06   0.6378697D-06   0.6803255D-06   0.2425368D-06   0.2458368D-07   0.1032932D-07
    7    9   0.1926384D-06   0.2286325D-06   0.3745305D-07   0.5094800D-07   0.5956499D-08
    7   10   0.8641660D-08   0.2532021D-08   0.5352980D-07   0.2835710D-08
    7   11   0.1592169D-07   0.2874668D-07   0.9833358D-09
    7   12   0.4224468D-08   0.1857583D-09
    7   13   0.6926788D-11
                  12              11              10               9               8               7               6               5               4               3               2               1               0
    8    0   0.3088392D-10   0.6216454D-10   0.1210723D-09   0.2451262D-09   0.5298824D-09   0.1241528D-08   0.3189308D-08   0.9075279D-08   0.2885165D-07   0.1015239D-06   0.3384268D-06   0.3537916D-06   0.1141523D-06
    8    1   0.4232562D-09   0.8490998D-09   0.1644906D-08   0.3303196D-08   0.7051690D-08   0.1620508D-07   0.4037799D-07   0.1092591D-06   0.3122798D-06   0.7623459D-06   0.4311300D-06   0.1047291D-06
    8    2   0.2958213D-08   0.5902541D-08   0.1133542D-07   0.2245950D-07   0.4697228D-07   0.1045958D-06   0.2474513D-06   0.5951916D-06   0.1116757D-05   0.3593893D-06   0.9334801D-07
    8    3   0.1391986D-07   0.2753928D-07   0.5216422D-07   0.1012063D-06   0.2050490D-06   0.4325895D-06   0.8937149D-06   0.1314143D-05   0.2303706D-06   0.8061340D-07
    8    4   0.4900700D-07   0.9572381D-07   0.1776963D-06   0.3341603D-06   0.6384085D-06   0.1143331D-05   0.1317132D-05   0.1066623D-06   0.6713984D-07
    8    5   0.1359494D-06   0.2609240D-06   0.4693752D-06   0.8227003D-06   0.1276320D-05   0.1131375D-05   0.2537021D-07   0.5354927D-07
    8    6   0.3049186D-06   0.5639660D-06   0.9220228D-06   0.1228283D-05   0.8056372D-06   0.2267120D-10   0.4046729D-07
    8    7   0.5257620D-06   0.8470772D-06   0.9611704D-06   0.4324197D-06   0.2201648D-07   0.2851114D-07
    8    8   0.5229269D-06   0.5228388D-06   0.1335155D-06   0.6417495D-07   0.1826076D-07
    8    9   0.1211211D-06   0.4888804D-08   0.9056154D-07   0.1020014D-07
    8   10   0.1905487D-07   0.7638247D-07   0.4616800D-08
    8   11   0.3248782D-07   0.1461606D-08
    8   12   0.2246089D-09
                  12              11              10               9               8               7               6               5               4               3               2               1               0
    9    0   0.3895141D-10   0.8161333D-10   0.1586595D-09   0.3171285D-09   0.6732934D-09   0.1543536D-08   0.3864896D-08   0.1066913D-07   0.3267669D-07   0.1094026D-06   0.3385576D-06   0.2982158D-06   0.2000736D-06
    9    1   0.5171669D-09   0.1079310D-08   0.2084747D-08   0.4126411D-08   0.8632605D-08   0.1935115D-07   0.4679123D-07   0.1219465D-06   0.3311263D-06   0.7468527D-06   0.3401680D-06   0.1820104D-06
    9    2   0.3493005D-08   0.7245164D-08   0.1385402D-07   0.2700019D-07   0.5517310D-07   0.1193036D-06   0.2717604D-06   0.6197121D-06   0.1067200D-05   0.2564574D-06   0.1608337D-06
    9    3   0.1583208D-07   0.3253145D-07   0.6124613D-07   0.1165494D-06   0.2296396D-06   0.4663085D-06   0.9107037D-06   0.1217455D-05   0.1379235D-06   0.1376186D-06
    9    4   0.5345703D-07   0.1083262D-06   0.1993525D-06   0.3658277D-06   0.6725568D-06   0.1134014D-05   0.1170945D-05   0.4284548D-07   0.1134471D-06
    9    5   0.1414051D-06   0.2808952D-06   0.4978597D-06   0.8402753D-06   0.1220420D-05   0.9478323D-06   0.1150699D-08   0.8940565D-07
    9    6   0.2985780D-06   0.5671641D-06   0.8979693D-06   0.1111814D-05   0.6133335D-06   0.1677707D-07   0.6657831D-07
    9    7   0.4659586D-06   0.7559405D-06   0.7919387D-06   0.2735012D-06   0.7012379D-07   0.4602294D-07
    9    8   0.3769620D-06   0.3530080D-06   0.4924873D-07   0.1240486D-06   0.2871393D-07
    9    9   0.4099265D-07   0.3469971D-08   0.1384938D-06   0.1542815D-07
    9   10   0.4506924D-07   0.9684333D-07   0.6554637D-08
    9   11   0.3137912D-07   0.1841446D-08
    9   12   0.2096930D-09
                  12              11              10               9               8               7               6               5               4               3               2               1               0
   10    0   0.4412074D-10   0.1009423D-09   0.1974577D-09   0.3910583D-09   0.8176935D-09   0.1839132D-08   0.4501408D-08   0.1209168D-07   0.3579149D-07   0.1143608D-06   0.3285768D-06   0.2341868D-06   0.3234618D-06
   10    1   0.5697116D-09   0.1297699D-08   0.2519618D-08   0.4933593D-08   0.1014228D-07   0.2223545D-07   0.5231693D-07   0.1316861D-06   0.3405085D-06   0.7083284D-06   0.2432845D-06   0.2915770D-06
   10    2   0.3729856D-08   0.8439714D-08   0.1620156D-07   0.3117226D-07   0.6240414D-07   0.1313602D-06   0.2887827D-06   0.6252847D-06   0.9839967D-06   0.1566841D-06   0.2552301D-06
   10    3   0.1631854D-07   0.3655779D-07   0.6898153D-07   0.1292241D-06   0.2482306D-06   0.4861079D-06   0.8978585D-06   0.1082313D-05   0.6045107D-07   0.2161793D-06
   10    4   0.5289458D-07   0.1167799D-06   0.2148510D-06   0.3860509D-06   0.6840867D-06   0.1084777D-05   0.9895822D-06   0.5213398D-08   0.1761782D-06
   10    5   0.1333146D-06   0.2879394D-06   0.5068609D-06   0.8252797D-06   0.1118447D-05   0.7415459D-06   0.1078227D-07   0.1369739D-06
   10    6   0.2634875D-06   0.5399932D-06   0.8325853D-06   0.9518787D-06   0.4190551D-06   0.6909278D-07   0.1002949D-06
   10    7   0.3642445D-06   0.6241803D-06   0.5975424D-06   0.1371435D-06   0.1481289D-06   0.6780700D-07
   10    8   0.2216855D-06   0.1955097D-06   0.4603162D-08   0.2013729D-06   0.4100692D-07
   10    9   0.2890893D-08   0.3397244D-07   0.1887024D-06   0.2101556D-07
   10   10   0.6716815D-07   0.1096471D-06   0.8243527D-08
   10   11   0.2457571D-07   0.1973731D-08
   10   12   0.1400448D-09
                  11              10               9               8               7               6               5               4               3               2               1               0
   11    0   0.1179190D-09   0.2350115D-09   0.4629599D-09   0.9555653D-09   0.2112744D-08   0.5064925D-08   0.1326745D-07   0.3803842D-07   0.1162030D-06   0.3093893D-06   0.1678090D-06   0.4898426D-06
   11    1   0.1477348D-08   0.2919915D-08   0.5678512D-08   0.1149774D-07   0.2470095D-07   0.5665951D-07   0.1379930D-06   0.3401645D-06   0.6498933D-06   0.1509696D-06   0.4372619D-06
   11    2   0.9325876D-08   0.1820433D-07   0.3471888D-07   0.6824801D-07   0.1401020D-06   0.2976827D-06   0.6121237D-06   0.8736657D-06   0.7299627D-07   0.3788713D-06
   11    3   0.3900900D-07   0.7473909D-07   0.1383924D-06   0.2597210D-06   0.4910219D-06   0.8567603D-06   0.9194186D-06   0.1129830D-07   0.3173560D-06
   11    4   0.1195193D-06   0.2227437D-06   0.3933637D-06   0.6724239D-06   0.9997481D-06   0.7881388D-06   0.5552650D-08   0.2553713D-06
   11    5   0.2794803D-06   0.4948235D-06   0.7785014D-06   0.9785787D-06   0.5314050D-06   0.6267724D-07   0.1955436D-06
   11    6   0.4816470D-06   0.7301100D-06   0.7626004D-06   0.2435566D-06   0.1605542D-06   0.1404489D-06
   11    7   0.4647145D-06   0.3995181D-06   0.4172045D-07   0.2540975D-06   0.9253320D-07
   11    8   0.7460555D-07   0.8111025D-08   0.2894710D-06   0.5392521D-07
   11    9   0.8747852D-07   0.2328552D-06   0.2608272D-07
   11   10   0.1099346D-06   0.9239497D-08
   11   11   0.1772064D-08
                  11              10               9               8               7               6               5               4               3               2               1               0
   12    0   0.1291608D-09   0.2685706D-09   0.5289449D-09   0.1080023D-08   0.2350911D-08   0.5527957D-08   0.1414109D-07   0.3932453D-07   0.1149384D-06   0.2824084D-06   0.1054335D-06   0.7026905D-06
   12    1   0.1579060D-08   0.3254103D-08   0.6318257D-08   0.1262821D-07   0.2662447D-07   0.5961540D-07   0.1406297D-06   0.3304529D-06   0.5757335D-06   0.7358229D-07   0.6208100D-06
   12    2   0.9681103D-08   0.1968854D-07   0.3742008D-07   0.7238850D-07   0.1451096D-06   0.2981880D-06   0.5816030D-06   0.7441361D-06   0.1743159D-07   0.5320667D-06
   12    3   0.3908946D-07   0.7794416D-07   0.1434352D-06   0.2634992D-06   0.4810775D-06   0.7907064D-06   0.7408799D-06   0.1967036D-08   0.4403326D-06
   12    4   0.1146640D-06   0.2219346D-06   0.3871213D-06   0.6385003D-06   0.8852655D-06   0.5826885D-06   0.5280412D-07   0.3494080D-06
   12    5   0.2528800D-06   0.4614377D-06   0.7028795D-06   0.8116044D-06   0.3363143D-06   0.1614905D-06   0.2630261D-06
   12    6   0.3931804D-06   0.5980812D-06   0.5609060D-06   0.1058570D-06   0.2903498D-06   0.1848148D-06
   12    7   0.2960404D-06   0.2211855D-06   0.8981645D-09   0.3816284D-06   0.1181580D-06
   12    8   0.9279954D-08   0.5942193D-07   0.3781528D-06   0.6588010D-07
   12    9   0.1441834D-06   0.2615130D-06   0.2966686D-07
   12   10   0.9488938D-07   0.9198698D-08
   12   11   0.1271524D-08
                  10               9               8               7               6               5               4               3               2               1               0
   13    0   0.2949308D-09   0.5853740D-09   0.1185268D-08   0.2543164D-08   0.5871102D-08   0.1467985D-07   0.3962262D-07   0.1107620D-06   0.2494285D-06   0.5320841D-07   0.9629926D-06
   13    1   0.3486897D-08   0.6814687D-08   0.1347886D-07   0.2792294D-07   0.6107952D-07   0.1395987D-06   0.3122687D-06   0.4907568D-06   0.2061055D-07   0.8415850D-06
   13    2   0.2047119D-07   0.3909831D-07   0.7462115D-07   0.1462125D-06   0.2905508D-06   0.5360533D-06   0.6041490D-06   0.2547320D-09   0.7129387D-06
   13    3   0.7805003D-07   0.1439569D-06   0.2594293D-06   0.4571897D-06   0.7043454D-06   0.5593642D-06   0.4121525D-07   0.5823708D-06
   13    4   0.2116085D-06   0.3674444D-06   0.5845610D-06   0.7493355D-06   0.3892038D-06   0.1522521D-06   0.4550668D-06
   13    5   0.4075389D-06   0.6032700D-06   0.6302072D-06   0.1738731D-06   0.3074977D-06   0.3360890D-06
   13    6   0.4473098D-06   0.3655292D-06   0.2158156D-07   0.4529558D-06   0.2303064D-06
   13    7   0.8536590D-07   0.2147203D-07   0.5200186D-06   0.1421610D-06
   13    8   0.1470118D-06   0.4546163D-06   0.7515500D-07
   13    9   0.2658960D-06   0.3093773D-07
   13   10   0.8011533D-08
                  10               9               8               7               6               5               4               3               2               1               0
   14    0   0.3097367D-09   0.6287870D-09   0.1266779D-08   0.2682413D-08   0.6083513D-08   0.1487341D-07   0.3896524D-07   0.1040199D-06   0.2124766D-06   0.1667876D-07   0.1269055D-05
   14    1   0.3572020D-08   0.7133762D-08   0.1401154D-07   0.2855372D-07   0.6104012D-07   0.1351126D-06   0.2869219D-06   0.4002249D-06   0.5894709D-10   0.1096517D-05
   14    2   0.2032365D-07   0.3961230D-07   0.7484820D-07   0.1434665D-06   0.2754634D-06   0.4785059D-06   0.4626610D-06   0.2928355D-07   0.9174864D-06
   14    3   0.7442604D-07   0.1397530D-06   0.2477917D-06   0.4209941D-06   0.6032607D-06   0.3872994D-06   0.1344357D-06   0.7389678D-06
   14    4   0.1910025D-06   0.3351005D-06   0.5139117D-06   0.6010668D-06   0.2225835D-06   0.3050434D-06   0.5677542D-06
   14    5   0.3349385D-06   0.4862265D-06   0.4482684D-06   0.5919274D-07   0.4963371D-06   0.4104390D-06
   14    6   0.2920204D-06   0.1959143D-06   0.1397121D-08   0.6382175D-06   0.2732890D-06
   14    7   0.1091919D-07   0.1012274D-06   0.6548898D-06   0.1618617D-06
   14    8   0.2462732D-06   0.5049054D-06   0.8019427D-07
   14    9   0.2401085D-06   0.2941288D-07
   14   10   0.5889029D-08
                   9               8               7               6               5               4               3               2               1               0
   15    0   0.6555408D-09   0.1321195D-08   0.2764813D-08   0.6162320D-08   0.1473117D-07   0.3743410D-07   0.9516731D-07   0.1736668D-06   0.4729611D-09   0.1616544D-05
   15    1   0.7241324D-08   0.1420265D-07   0.2851034D-07   0.5956528D-07   0.1275496D-06   0.2560016D-06   0.3094132D-06   0.1800957D-07   0.1380258D-05
   15    2   0.3883632D-07   0.7306090D-07   0.1371140D-06   0.2539517D-06   0.4124269D-06   0.3283226D-06   0.1094579D-06   0.1139835D-05
   15    3   0.1307417D-06   0.2291943D-06   0.3746580D-06   0.4935730D-06   0.2362097D-06   0.2833233D-06   0.9041703D-06
   15    4   0.2913622D-06   0.4306811D-06   0.4501735D-06   0.9585511D-07   0.5080181D-06   0.6818599D-06
   15    5   0.3599216D-06   0.2802593D-06   0.3869619D-08   0.7190753D-06   0.4811971D-06
   15    6   0.7086585D-07   0.4948209D-07   0.8317821D-06   0.3099541D-06
   15    7   0.2267236D-06   0.7692457D-06   0.1747674D-06
   15    8   0.5159064D-06   0.7988896D-07
   15    9   0.2512837D-07
                   9               8               7               6               5               4               3               2               1               0
   16    0   0.6607227D-09   0.1345902D-08   0.2789248D-08   0.6111373D-08   0.1427841D-07   0.3514696D-07   0.8472474D-07   0.1350729D-06   0.8090929D-08   0.1998719D-05
   16    1   0.7092707D-08   0.1403821D-07   0.2781505D-07   0.5678437D-07   0.1174036D-06   0.2212455D-06   0.2233293D-06   0.7836455D-07   0.1685511D-05
   16    2   0.3661367D-07   0.6931241D-07   0.1275341D-06   0.2272638D-06   0.3414794D-06   0.2090705D-06   0.2426412D-06   0.1372616D-05
   16    3   0.1168423D-06   0.2044776D-06   0.3207049D-06   0.3816116D-06   0.1162142D-06   0.4857968D-06   0.1070987D-05
   16    4   0.2378716D-06   0.3396623D-06   0.3065996D-06   0.1955310D-07   0.7537961D-06   0.7911795D-06
   16    5   0.2343224D-06   0.1407053D-06   0.1505170D-07   0.9625294D-06   0.5433144D-06
   16    6   0.6419615D-08   0.1618649D-06   0.1015828D-05   0.3367081D-06
   16    7   0.3707750D-06   0.8449490D-06   0.1789101D-06
   16    8   0.4778413D-06   0.7382026D-07
   16    9   0.1872532D-07
                   8               7               6               5               4               3               2               1               0
   17    0   0.1338194D-08   0.2756524D-08   0.5939504D-08   0.1355172D-07   0.3224436D-07   0.7323896D-07   0.9862744D-07   0.4179326D-07   0.2406819D-05
   17    1   0.1350594D-07   0.2650946D-07   0.5286830D-07   0.1052364D-06   0.1844278D-06   0.1465060D-06   0.1827544D-06   0.2003457D-05
   17    2   0.6368229D-07   0.1151932D-06   0.1967714D-06   0.2693351D-06   0.1118454D-06   0.4276176D-06   0.1607422D-05
   17    3   0.1746273D-06   0.2618841D-06   0.2736839D-06   0.3568347D-07   0.7361188D-06   0.1231845D-05
   17    4   0.2462997D-06   0.1802767D-06   0.1221249D-08   0.1031050D-05   0.8893565D-06
   17    5   0.4356900D-07   0.9445580D-07   0.1209780D-05   0.5919837D-06
   17    6   0.3243536D-06   0.1170056D-05   0.3505384D-06
   17    7   0.8646401D-06   0.1731399D-06
   17    8   0.6242989D-07
                   8               7               6               5               4               3               2               1               0
   18    0   0.1293630D-08   0.2668274D-08   0.5658686D-08   0.1259442D-07   0.2887747D-07   0.6125070D-07   0.6605273D-07   0.1025793D-06   0.2830535D-05
   18    1   0.1258120D-07   0.2464440D-07   0.4801076D-07   0.9163596D-07   0.1472749D-06   0.8286985D-07   0.3305816D-06   0.2324244D-05
   18    2   0.5622625D-07   0.1006016D-06   0.1638944D-06   0.1995488D-06   0.4242609D-07   0.6602362D-06   0.1835285D-05
   18    3   0.1407114D-06   0.2011122D-06   0.1759537D-06   0.1015511D-08   0.1025149D-05   0.1379043D-05
   18    4   0.1568915D-06   0.8098195D-07   0.4494268D-07   0.1324895D-05   0.9703021D-06
   18    5   0.1115148D-08   0.2371114D-06   0.1440823D-05   0.6230168D-06
   18    6   0.5095608D-06   0.1272955D-05   0.3493328D-06
   18    7   0.8141399D-06   0.1573546D-06
   18    8   0.4709060D-07
                   7               6               5               4               3               2               1               0
   19    0   0.2525561D-08   0.5282195D-08   0.1145264D-07   0.2519823D-07   0.4927161D-07   0.3882099D-07   0.1902359D-06   0.3258532D-05
   19    1   0.2226874D-07   0.4241244D-07   0.7718678D-07   0.1114115D-06   0.3567893D-07   0.5191618D-06   0.2637485D-05
   19    2   0.8428089D-07   0.1300591D-06   0.1354995D-06   0.5356398D-08   0.9336463D-06   0.2047141D-05
   19    3   0.1415153D-06   0.9442214D-07   0.1647383D-07   0.1340667D-05   0.1505175D-05
   19    4   0.1817790D-07   0.1507515D-06   0.1617336D-05   0.1028571D-05
   19    5   0.4294699D-06   0.1633332D-05   0.6331694D-06
   19    6   0.1303371D-05   0.3321394D-06
   19    7   0.1326514D-06
                   7               6               5               4               3               2               1               0
   20    0   0.2326660D-08   0.4822896D-08   0.1017206D-07   0.2135231D-07   0.3777021D-07   0.1814129D-07   0.3034356D-06   0.3678966D-05
   20    1   0.1941539D-07   0.3626956D-07   0.6245097D-07   0.7833821D-07   0.7516084D-08   0.7439246D-06   0.2932733D-05
   20    2   0.6674764D-07   0.9669687D-07   0.8039625D-07   0.3931212D-08   0.1238577D-05   0.2234249D-05
   20    3   0.8661302D-07   0.3498667D-07   0.8400385D-07   0.1667711D-05   0.1603499D-05
   20    4   0.5220271D-09   0.3137036D-06   0.1887731D-05   0.1059681D-05
   20    5   0.6461977D-06   0.1763546D-05   0.6204082D-06
   20    6   0.1242477D-05   0.2993643D-06
   20    7   0.1013895D-06
                   6               5               4               3               2               1               0
   21    0   0.4291538D-08   0.8795675D-08   0.1747485D-07   0.2716703D-07   0.4967718D-08   0.4398654D-06   0.4079968D-05
   21    1   0.2976749D-07   0.4796451D-07   0.4943850D-07   0.3213317D-09   0.9986394D-06   0.3199896D-05
   21    2   0.6529776D-07   0.3734522D-07   0.4020115D-07   0.1563613D-05   0.2388549D-05
   21    3   0.3507434D-08   0.2029111D-06   0.1988889D-05   0.1668235D-05
   21    4   0.5222286D-06   0.2113246D-05   0.1060365D-05
   21    5   0.1807305D-05   0.5841217D-06
   21    6   0.2529076D-06
                   6               5               4               3               2               1               0
   22    0   0.3694696D-08   0.7362551D-08   0.1368957D-07   0.1783801D-07   0.2332219D-10   0.5963667D-06   0.4450076D-05
   22    1   0.2308101D-07   0.3424987D-07   0.2601477D-07   0.1544593D-07   0.1275636D-05   0.3429598D-05
   22    2   0.3754056D-07   0.9464640D-08   0.1149417D-06   0.1895434D-05   0.2502957D-05
   22    3   0.5684472D-08   0.3692152D-06   0.2284623D-05   0.1694815D-05
   22    4   0.7549845D-06   0.2269289D-05   0.1028782D-05
   22    5   0.1741260D-05   0.5252833D-06
   22    6   0.1962384D-06
                   5               4               3               2               1               0
   23    0   0.5907708D-08   0.1011083D-07   0.1012575D-07   0.3834374D-08   0.7690723D-06   0.4778596D-05
   23    1   0.2185070D-07   0.9351940D-08   0.5370785D-07   0.1565995D-05   0.3613460D-05
   23    2   0.1918385D-10   0.2275103D-06   0.2218981D-05   0.2571586D-05
   23    3   0.5743361D-06   0.2533290D-05   0.1680058D-05
   23    4   0.2329895D-05   0.9646650D-06
   23    5   0.4465799D-06
                   4               3               2               1               0
   24    0   0.6849938D-08   0.4358503D-08   0.1676978D-07   0.9535275D-06   0.5055886D-05
   24    1   0.8078468D-09   0.1154234D-06   0.1859683D-05   0.3744317D-05
   24    2   0.3754594D-06   0.2517509D-05   0.2589911D-05
   24    3   0.2711218D-05   0.1622309D-05
   24    4   0.8694573D-06
                   4               3               2               1               0
   25    0   0.4026734D-08   0.8778597D-09   0.3908048D-07   0.1144787D-05   0.5273575D-05
   25    1   0.1924063D-08   0.2003769D-06   0.2145614D-05   0.3816365D-05
   25    2   0.5536432D-06   0.2772500D-05   0.2554873D-05
   25    3   0.2792425D-05   0.1521535D-05
   25    4   0.7464194D-06
                   3               2               1               0
   26    0   0.7678209D-10   0.7093245D-07   0.1337472D-05   0.5424701D-05
   26    1   0.3076575D-06   0.2411607D-05   0.3825243D-05
   26    2   0.2963324D-05   0.2464943D-05
   26    3   0.1379401D-05
                   3               2               1               0
   27    0   0.2449632D-08   0.1124232D-06   0.1525792D-05   0.5503788D-05
   27    1   0.4352071D-06   0.2644179D-05   0.3768069D-05
   27    2   0.3066479D-05   0.2320143D-05
   27    3   0.1199333D-05
                   2               1               0
   28    0   0.1635603D-06   0.1703487D-05   0.5506875D-05
   28    1   0.2828106D-05   0.3643421D-05
   28    2   0.2122037D-05
                   1               0
   29    0   0.1863695D-05   0.5431474D-05
   29    1   0.3451272D-05
                   1               0
   30    0   0.1998653D-05   0.5276497D-05
   30    1   0.3192865D-05
                   0
   31    0   0.5042113D-05

