label  v    j
  1    0    0   0.0000000E+00
  2    0    1   0.1469272E-01
  3    0    2   0.4393547E-01
  4    0    3   0.8747911E-01
  5    0    4   0.1449158E+00
  6    0    5   0.2157668E+00
  7    0    6   0.2994035E+00
  8    0    7   0.3952234E+00
  9    0    8   0.5023696E+00
 10    1    0   0.5159304E+00
 11    1    1   0.5298977E+00
 12    1    2   0.5576799E+00
 13    1    3   0.5990414E+00
 14    0    9   0.6201890E+00
 15    1    4   0.6535903E+00
 16    1    5   0.7208654E+00
 17    0   10   0.7477537E+00
 18    1    6   0.8002593E+00
 19    0   11   0.8842927E+00
 20    1    7   0.8911630E+00
 21    1    8   0.9928748E+00
 22    2    0   0.1002690E+01
 23    2    1   0.1015942E+01
 24    0   12   0.1028936E+01
 25    2    2   0.1042287E+01
 26    2    3   0.1081518E+01
 27    1    9   0.1104528E+01
 28    2    4   0.1133242E+01
 29    0   13   0.1180848E+01
 30    2    5   0.1197008E+01
 31    1   10   0.1225480E+01
 32    2    6   0.1272275E+01
 33    0   14   0.1339155E+01
 34    1   11   0.1354842E+01
 35    2    7   0.1358383E+01
 36    2    8   0.1454653E+01
 37    3    0   0.1460882E+01
 38    3    1   0.1473424E+01
 39    1   12   0.1491765E+01
 40    3    2   0.1498364E+01
 41    0   15   0.1503200E+01
 42    3    3   0.1535496E+01
 43    2    9   0.1560376E+01
 44    3    4   0.1584427E+01
 45    1   13   0.1635545E+01
 46    3    5   0.1644747E+01
 47    0   16   0.1672060E+01
 48    2   10   0.1674770E+01
 49    3    6   0.1715905E+01
 50    1   14   0.1785326E+01
 51    2   11   0.1797044E+01
 52    3    7   0.1797277E+01
 53    0   17   0.1845115E+01
 54    3    8   0.1888205E+01
 55    4    0   0.1890882E+01
 56    4    1   0.1902711E+01
 57    4    2   0.1926255E+01
 58    2   12   0.1926435E+01
 59    1   15   0.1940375E+01
 60    4    3   0.1961290E+01
 61    3    9   0.1988017E+01
 62    4    4   0.2007463E+01
 63    0   18   0.2021617E+01
 64    2   13   0.2062196E+01
 65    4    5   0.2064351E+01
 66    3   10   0.2095961E+01
 67    1   16   0.2099906E+01
 68    4    6   0.2131414E+01
 69    0   19   0.2200835E+01
 70    2   14   0.2203498E+01
 71    4    7   0.2208089E+01
 72    3   11   0.2211198E+01
 73    1   17   0.2263230E+01
 74    5    0   0.2292793E+01
 75    4    8   0.2293679E+01
 76    5    1   0.2303926E+01
 77    5    2   0.2326067E+01
 78    3   12   0.2333072E+01
 79    2   15   0.2349624E+01
 80    5    3   0.2359015E+01
 81    0   20   0.2382219E+01
 82    4    9   0.2387584E+01
 83    5    4   0.2402408E+01
 84    1   18   0.2429645E+01
 85    5    5   0.2455852E+01
 86    3   13   0.2460818E+01
 87    4   10   0.2489009E+01
 88    2   16   0.2499836E+01
 89    5    6   0.2518807E+01
 90    0   21   0.2565088E+01
 91    5    7   0.2590741E+01
 92    3   14   0.2593631E+01
 93    4   11   0.2597256E+01
 94    1   19   0.2598524E+01
 95    2   17   0.2653480E+01
 96    6    0   0.2666478E+01
 97    5    8   0.2670987E+01
 98    6    1   0.2676899E+01
 99    6    2   0.2697625E+01
100    4   12   0.2711573E+01
101    6    3   0.2728448E+01
102    3   15   0.2730855E+01
103    0   22   0.2748956E+01
104    5    9   0.2758904E+01
105    6    4   0.2769026E+01
106    6    5   0.2818964E+01
107    4   13   0.2831239E+01
108    0   23   0.2933132E+01
