  3.000000000000000E+03  1.000000000000000E+02  1.524546621393985E-27  3.634166138656113E-36
  3.000000000000000E+03  2.000000000000000E+02  1.149856593398860E-27  6.112635880394891E-35
  3.000000000000000E+03  3.000000000000000E+02  5.773636725614667E-28  1.893840821227398E-34
  3.000000000000000E+03  4.000000000000000E+02  2.278668716738569E-28  5.450195423459956E-34
  3.000000000000000E+03  5.000000000000000E+02  1.122522211519901E-28  1.522154499214707E-33
  3.000000000000000E+03  6.000000000000000E+02  7.607704393502158E-29  3.925532984009503E-33
  3.000000000000000E+03  7.000000000000000E+02  7.618394353789226E-29  9.028040562895121E-33
  3.000000000000000E+03  8.000000000000000E+02  1.069120643367815E-28  1.819553808802927E-32
  3.000000000000000E+03  9.000000000000000E+02  1.737381215378938E-28  3.193882018305549E-32
  3.000000000000000E+03  1.000000000000000E+03  2.849766102156975E-28  4.884175660160832E-32
  3.000000000000000E+03  1.100000000000000E+03  4.485438019772344E-28  7.500533267920628E-32
  3.000000000000000E+03  1.200000000000000E+03  6.706880017368838E-28  1.086421784869089E-31
  3.000000000000000E+03  1.300000000000000E+03  9.556943446194662E-28  1.505351157119596E-31
  3.000000000000000E+03  1.400000000000000E+03  1.306031811380240E-27  2.014762260082432E-31
  3.000000000000000E+03  1.500000000000000E+03  1.722666143203379E-27  2.622678332340563E-31
  3.000000000000000E+03  1.600000000000000E+03  2.205393576872098E-27  3.337181591441557E-31
  3.000000000000000E+03  1.700000000000000E+03  2.753124246169825E-27  4.166343357124027E-31
  3.000000000000000E+03  1.800000000000000E+03  3.364099597966146E-27  5.118142969262519E-31
  3.000000000000000E+03  1.900000000000000E+03  4.036047899137611E-27  6.200383947691250E-31
  3.000000000000000E+03  2.000000000000000E+03  4.766290250211300E-27  7.420612064071573E-31
  3.000000000000000E+03  2.100000000000000E+03  5.551814469817313E-27  8.786037931365632E-31
  3.000000000000000E+03  2.200000000000000E+03  6.389328806925558E-27  1.030346558607785E-30
  3.000000000000000E+03  2.300000000000000E+03  7.275306965630121E-27  1.197922790579819E-30
  3.000000000000000E+03  2.400000000000000E+03  8.206030104389897E-27  1.381912933397613E-30
  3.000000000000000E+03  2.500000000000000E+03  9.177629500156811E-27  1.582839615084654E-30
  3.000000000000000E+03  2.600000000000000E+03  1.018613123369216E-26  1.801163436955969E-30
  3.000000000000000E+03  2.700000000000000E+03  1.122750219777311E-26  2.037279521702449E-30
  3.000000000000000E+03  2.800000000000000E+03  1.229769656875276E-26  2.291514806345811E-30
  3.000000000000000E+03  2.900000000000000E+03  1.339270083970148E-26  2.564126058524752E-30
  3.000000000000000E+03  3.000000000000000E+03  1.450857625775917E-26  2.855298587875861E-30
  3.000000000000000E+03  3.100000000000000E+03  1.564149708066718E-26  3.165145618647652E-30
  3.000000000000000E+03  3.200000000000000E+03  1.678778387567089E-26  3.493708285048236E-30
  3.000000000000000E+03  3.300000000000000E+03  1.794393123638816E-26  3.840956207126258E-30
  3.000000000000000E+03  3.400000000000000E+03  1.910662970704883E-26  4.206788602173239E-30
  3.000000000000000E+03  3.500000000000000E+03  2.027278197509437E-26  4.591035884666205E-30
  3.000000000000000E+03  3.600000000000000E+03  2.143951368075686E-26  4.993461706581189E-30
  3.000000000000000E+03  3.700000000000000E+03  2.260417923793874E-26  5.413765389437215E-30
  3.000000000000000E+03  3.800000000000000E+03  2.376436330810072E-26  5.851584699605016E-30
  3.000000000000000E+03  3.900000000000000E+03  2.491787867166310E-26  6.306498919157629E-30
  3.000000000000000E+03  4.000000000000000E+03  2.606276070079715E-26  6.778032165782276E-30
  3.000000000000000E+03  4.100000000000000E+03  2.719725972797463E-26  7.265656916926030E-30
  3.000000000000000E+03  4.200000000000000E+03  2.831983117711557E-26  7.768797695358382E-30
  3.000000000000000E+03  4.300000000000000E+03  2.942912461293988E-26  8.286834875612326E-30
  3.000000000000000E+03  4.400000000000000E+03  3.052397156400103E-26  8.819108573266104E-30
  3.000000000000000E+03  4.500000000000000E+03  3.160337299832535E-26  9.364922581676385E-30
  3.000000000000000E+03  4.600000000000000E+03  3.266648650589660E-26  9.923548323531600E-30
  3.000000000000000E+03  4.700000000000000E+03  3.371261361017608E-26  1.049422878739660E-29
  3.000000000000000E+03  4.800000000000000E+03  3.474118713413124E-26  1.107618242224689E-29
  3.000000000000000E+03  4.900000000000000E+03  3.575175914990881E-26  1.166860696578170E-29
  3.000000000000000E+03  5.000000000000000E+03  3.674398946417255E-26  1.227068318505270E-29
