  1   j''=j'+2
                  14              13              12              11              10               9               8               7               6               5               4               3               2               1
    0    0   0.9499287D-12   0.2323162D-11   0.3985828D-11   0.6195397D-11   0.9108506D-11   0.1241407D-10   0.1423419D-10   0.9444597D-11   0.3102494D-12   0.1668397D-09   0.2743233D-08   0.3361401D-07   0.3467064D-06   0.8535627D-06
    0    1   0.7598027D-11   0.1791525D-10   0.2859496D-10   0.3915720D-10   0.4574174D-10   0.3818990D-10   0.7479936D-11   0.6481252D-10   0.1438405D-08   0.1453128D-07   0.1289876D-06   0.9174585D-06   0.1284160D-05
    0    2   0.2342719D-10   0.5073447D-10   0.6730112D-10   0.6232013D-10   0.2393256D-10   0.1592303D-10   0.6843954D-09   0.6336025D-08   0.4505672D-07   0.3070257D-06   0.1593078D-05   0.1406757D-05
    0    3   0.2110672D-10   0.3150564D-10   0.1150007D-10   0.1568864D-10   0.4480926D-09   0.3437204D-08   0.1970137D-07   0.1069795D-06   0.5797998D-06   0.2256736D-05   0.1319413D-05
    0    4   0.1595987D-10   0.1107288D-09   0.6019151D-09   0.2786194D-08   0.1181409D-07   0.4935319D-07   0.2156404D-06   0.9468264D-06   0.2794259D-05   0.1105263D-05
    0    5   0.9746971D-09   0.3434390D-08   0.1031206D-07   0.3202052D-07   0.1069142D-06   0.3882409D-06   0.1386134D-05   0.3098746D-05   0.8336409D-06
    0    6   0.8507031D-08   0.2724062D-07   0.7321743D-07   0.2083971D-06   0.6383774D-06   0.1836801D-05   0.3083562D-05   0.5601814D-06
    0    7   0.4520796D-07   0.1417417D-06   0.3675520D-06   0.9527539D-06   0.2174127D-05   0.2708128D-05   0.3258432D-06
    0    8   0.1815922D-06   0.5429903D-06   0.1223505D-05   0.2199297D-05   0.2016863D-05   0.1550508D-06
    0    9   0.4555308D-06   0.1152010D-05   0.1718171D-05   0.1175463D-05   0.5387248D-07
    0   10   0.4736616D-06   0.8170349D-06   0.4533685D-06   0.1035464D-07
    0   11   0.1149380D-06   0.7628965D-07   0.3013118D-09
    0   12   0.9896525D-09   0.2088451D-09
    0   13   0.5610100D-10
                  14              13              12              11              10               9               8               7               6               5               4               3               2               1
    1    0   0.9124544D-12   0.2337907D-11   0.4181790D-11   0.6903450D-11   0.1112883D-10   0.1762215D-10   0.2667961D-10   0.3542087D-10   0.3045278D-10   0.1534215D-12   0.4666782D-09   0.1150283D-07   0.1605288D-06   0.4223816D-06
    1    1   0.8690196D-11   0.2182053D-10   0.3753063D-10   0.5807272D-10   0.8424223D-10   0.1112052D-09   0.1173074D-09   0.5546072D-10   0.4998035D-10   0.3135414D-08   0.4709130D-07   0.4338902D-06   0.6391833D-06
    1    2   0.3705226D-10   0.8961605D-10   0.1429299D-09   0.1933970D-09   0.2186387D-09   0.1647561D-09   0.1227343D-10   0.6325477D-09   0.1156368D-07   0.1187543D-06   0.7685987D-06   0.7048292D-06
    1    3   0.8196923D-10   0.1822856D-09   0.2413305D-09   0.2182487D-09   0.7316969D-10   0.9543570D-10   0.3220383D-08   0.3147710D-07   0.2363865D-06   0.1109611D-05   0.6661650D-06
    1    4   0.6499133D-10   0.1033475D-09   0.4412626D-10   0.3312275D-10   0.1276861D-08   0.1093290D-07   0.7113997D-07   0.4053241D-06   0.1399044D-05   0.5632811D-06
    1    5   0.1644821D-10   0.1653989D-09   0.1125001D-08   0.6036931D-08   0.2945849D-07   0.1416162D-06   0.6210953D-06   0.1578961D-05   0.4299511D-06
    1    6   0.1498024D-08   0.5766023D-08   0.1928593D-07   0.6836159D-07   0.2550367D-06   0.8590563D-06   0.1598595D-05   0.2936160D-06
    1    7   0.1365929D-07   0.4763755D-07   0.1399596D-06   0.4136133D-06   0.1058438D-05   0.1428721D-05   0.1748524D-06
    1    8   0.7275958D-07   0.2347522D-06   0.5720914D-06   0.1111343D-05   0.1084020D-05   0.8641078D-07
    1    9   0.2137121D-06   0.5727183D-06   0.8983976D-06   0.6456904D-06   0.3222296D-07
    1   10   0.2418690D-06   0.4403389D-06   0.2567765D-06   0.7363749D-08
    1   11   0.6294837D-07   0.4602023D-07   0.5333850D-09
    1   12   0.8653037D-09   0.1364268D-10
    1   13   0.1031281D-10
                  14              13              12              11              10               9               8               7               6               5               4               3               2               1
    2    0   0.9834701D-12   0.2710329D-11   0.4997739D-11   0.8541569D-11   0.1444529D-10   0.2454729D-10   0.4156649D-10   0.6761150D-10   0.9494531D-10   0.7557694D-10   0.1855847D-10   0.4828170D-08   0.1032081D-06   0.2897043D-06
    2    1   0.1029320D-10   0.2798957D-10   0.5028029D-10   0.8236431D-10   0.1303398D-09   0.1990740D-09   0.2802331D-09   0.3127751D-09   0.1327360D-09   0.4255141D-09   0.2190408D-07   0.2856326D-06   0.4400751D-06
    2    2   0.5073219D-10   0.1348744D-09   0.2315858D-09   0.3514965D-09   0.4892916D-09   0.5916700D-09   0.4934255D-09   0.4348215D-10   0.2664340D-08   0.6015843D-07   0.5170743D-06   0.4872977D-06
    2    3   0.1466811D-09   0.3740364D-09   0.5883481D-09   0.7593224D-09   0.7656621D-09   0.3898874D-09   0.9117512D-10   0.9934308D-08   0.1288434D-06   0.7615732D-06   0.4627517D-06
    2    4   0.2396737D-09   0.5547642D-09   0.6953732D-09   0.5221589D-09   0.4267697D-10   0.1628995D-08   0.2792686D-07   0.2355726D-06   0.9781295D-06   0.3934874D-06
    2    5   0.1323268D-09   0.1967015D-09   0.3146555D-10   0.4637162D-09   0.8087306D-08   0.6565910D-07   0.3821504D-06   0.1122914D-05   0.3024634D-06
    2    6   0.9431047D-10   0.7619938D-09   0.4810696D-08   0.2669667D-07   0.1352489D-06   0.5560227D-06   0.1154882D-05   0.2084907D-06
    2    7   0.4629959D-08   0.1956240D-07   0.6961851D-07   0.2449938D-06   0.7161448D-06   0.1047106D-05   0.1258342D-06
    2    8   0.3821259D-07   0.1384682D-06   0.3700779D-06   0.7804707D-06   0.8048604D-06   0.6352277D-07
    2    9   0.1341304D-06   0.3928910D-06   0.6485352D-06   0.4849364D-06   0.2462600D-07
    2   10   0.1618139D-06   0.3207761D-06   0.1947500D-06   0.6152439D-08
    2   11   0.4288059D-07   0.3525232D-07   0.6236966D-09
    2   12   0.7044503D-09   0.4276684D-12
    2   13   0.1896323D-11
                  14              13              12              11              10               9               8               7               6               5               4               3               2               1
    3    0   0.9483926D-12   0.2974965D-11   0.5650768D-11   0.9902650D-11   0.1727496D-10   0.3064028D-10   0.5526240D-10   0.9948290D-10   0.1692171D-09   0.2283835D-09   0.8149663D-10   0.1670576D-08   0.6965239D-07   0.2083066D-06
    3    1   0.1055718D-10   0.3279927D-10   0.6111202D-10   0.1038072D-09   0.1725989D-09   0.2841283D-09   0.4537247D-09   0.6551795D-09   0.6703997D-09   0.4363033D-10   0.9201943D-08   0.1980338D-06   0.3170238D-06
    3    2   0.5665564D-10   0.1733502D-09   0.3129755D-09   0.5045329D-09   0.7710222D-09   0.1101390D-08   0.1344246D-08   0.9680755D-09   0.7496342D-10   0.2913464D-07   0.3672255D-06   0.3517119D-06
    3    3   0.1872310D-09   0.5582183D-09   0.9539418D-09   0.1396156D-08   0.1797105D-08   0.1807344D-08   0.7208221D-09   0.1613011D-08   0.6970216D-07   0.5526200D-06   0.3346636D-06
    3    4   0.3950689D-09   0.1120691D-08   0.1712780D-08   0.2006824D-08   0.1525161D-08   0.8070418D-10   0.8338752D-08   0.1393937D-06   0.7234617D-06   0.2851982D-06
    3    5   0.4659593D-09   0.1162514D-08   0.1254574D-08   0.4602926D-09   0.7575994D-09   0.2744971D-07   0.2435596D-06   0.8446117D-06   0.2197926D-06
    3    6   0.1059245D-09   0.7312799D-10   0.2808509D-09   0.7987071D-08   0.7053438D-07   0.3769622D-06   0.8811798D-06   0.1520093D-06
    3    7   0.1077526D-08   0.6710920D-08   0.3322805D-07   0.1493612D-06   0.5105666D-06   0.8081122D-06   0.9218308D-07
    3    8   0.1948375D-07   0.8447025D-07   0.2514083D-06   0.5778731D-06   0.6258528D-06   0.4690013D-07
    3    9   0.8353144D-07   0.2822064D-06   0.4901737D-06   0.3776302D-06   0.1845906D-07
    3   10   0.1045433D-06   0.2390166D-06   0.1501173D-06   0.4784988D-08
    3   11   0.2668630D-07   0.2611492D-07   0.5549489D-09
    3   12   0.4333886D-09   0.5482590D-11
    3   13   0.2249335D-12
                  13              12              11              10               9               8               7               6               5               4               3               2               1
    4    0   0.3066227D-11   0.6028977D-11   0.1079145D-10   0.1926174D-10   0.3519740D-10   0.6619371D-10   0.1269077D-09   0.2400650D-09   0.4059834D-09   0.3910890D-09   0.3033573D-09   0.4706669D-07   0.1498490D-06
    4    1   0.3544441D-10   0.6865975D-10   0.1199311D-09   0.2062012D-09   0.3558842D-09   0.6115311D-09   0.1005092D-08   0.1389445D-08   0.8227225D-09   0.2824591D-08   0.1380880D-06   0.2280649D-06
    4    2   0.1993252D-09   0.3770798D-09   0.6332337D-09   0.1023007D-08   0.1596582D-08   0.2299347D-08   0.2570341D-08   0.6935307D-09   0.1195466D-07   0.2631104D-06   0.2529528D-06
    4    3   0.7026177D-09   0.1278300D-08   0.2006524D-08   0.2892469D-08   0.3657536D-08   0.3150207D-08   0.7187876D-10   0.3455434D-07   0.4053358D-06   0.2405431D-06
    4    4   0.1644682D-08   0.2788883D-08   0.3835359D-08   0.4214997D-08   0.2390153D-08   0.8565342D-09   0.7908808D-07   0.5413876D-06   0.2047739D-06
    4    5   0.2406735D-08   0.3450848D-08   0.3114139D-08   0.5313629D-09   0.8394140D-08   0.1529320D-06   0.6426645D-06   0.1575608D-06
    4    6   0.1321084D-08   0.6302106D-09   0.8760349D-09   0.3325944D-07   0.2557999D-06   0.6792312D-06   0.1087212D-06
    4    7   0.1352389D-08   0.1373574D-07   0.8919868D-07   0.3671997D-06   0.6281570D-06   0.6572481D-07
    4    8   0.5111733D-07   0.1720667D-06   0.4319674D-06   0.4874131D-06   0.3330078D-07
    4    9   0.2029733D-06   0.3709677D-06   0.2914763D-06   0.1304341D-07
    4   10   0.1732859D-06   0.1123000D-06   0.3372413D-08
    4   11   0.1778829D-07   0.3999066D-09
    4   12   0.6181563D-11
                  13              12              11              10               9               8               7               6               5               4               3               2               1
    5    0   0.2976209D-11   0.6126995D-11   0.1119141D-10   0.2034766D-10   0.3803035D-10   0.7373794D-10   0.1477469D-09   0.2996559D-09   0.5770856D-09   0.8076550D-09   0.4378741D-11   0.3134325D-07   0.1061972D-06
    5    1   0.3569347D-10   0.7261019D-10   0.1300209D-09   0.2293033D-09   0.4092495D-09   0.7387502D-09   0.1315817D-08   0.2131455D-08   0.2172103D-08   0.3027516D-09   0.9545294D-07   0.1613413D-06
    5    2   0.2100817D-09   0.4195287D-09   0.7281474D-09   0.1222694D-08   0.2019569D-08   0.3200666D-08   0.4383773D-08   0.3021982D-08   0.3350164D-08   0.1876185D-06   0.1785190D-06
    5    3   0.7877163D-09   0.1527294D-08   0.2518649D-08   0.3888166D-08   0.5541403D-08   0.6334907D-08   0.2356050D-08   0.1444208D-07   0.2966157D-06   0.1692183D-06
    5    4   0.2026808D-08   0.3740343D-08   0.5629649D-08   0.7277768D-08   0.6588047D-08   0.4862039D-09   0.4143823D-07   0.4046622D-06   0.1434416D-06
    5    5   0.3533642D-08   0.5872169D-08   0.6902975D-08   0.4115383D-08   0.9183331D-09   0.9273589D-07   0.4883932D-06   0.1097386D-06
    5    6   0.3228781D-08   0.3379322D-08   0.3538232D-09   0.1291625D-07   0.1714545D-06   0.5221540D-06   0.7513327D-07
    5    7   0.6136110D-11   0.4259845D-08   0.5127232D-07   0.2634272D-06   0.4853689D-06   0.4492767D-07
    5    8   0.3051910D-07   0.1176988D-06   0.3222191D-06   0.3750293D-06   0.2240850D-07
    5    9   0.1438378D-06   0.2771463D-06   0.2197246D-06   0.8571279D-08
    5   10   0.1192740D-06   0.8009006D-07   0.2133404D-08
    5   11   0.1079773D-07   0.2371391D-09
    5   12   0.3459652D-11
                  13              12              11              10               9               8               7               6               5               4               3               2               1
    6    0   0.2711578D-11   0.5979710D-11   0.1116231D-10   0.2062338D-10   0.3924630D-10   0.7791445D-10   0.1613916D-09   0.3442519D-09   0.7232877D-09   0.1242126D-08   0.3321471D-09   0.2041466D-07   0.7362297D-07
    6    1   0.3350871D-10   0.7318829D-10   0.1343841D-09   0.2420134D-09   0.4431414D-09   0.8293574D-09   0.1562495D-08   0.2799718D-08   0.3713268D-08   0.1520941D-09   0.6504143D-07   0.1114497D-06
    6    2   0.2043181D-09   0.4397501D-09   0.7870867D-09   0.1361719D-08   0.2342218D-08   0.3957648D-08   0.6116234D-08   0.6101551D-08   0.2213211D-09   0.1325368D-06   0.1227528D-06
    6    3   0.8015928D-09   0.1686090D-08   0.2898021D-08   0.4694782D-08   0.7218920D-08   0.9610974D-08   0.6588755D-08   0.4231510D-08   0.2156577D-06   0.1156788D-06
    6    4   0.2200510D-08   0.4463205D-08   0.7166697D-08   0.1019506D-07   0.1141436D-07   0.4102939D-08   0.1910437D-07   0.3009110D-06   0.9731658D-07
    6    5   0.4271458D-08   0.8049035D-08   0.1085975D-07   0.9407163D-08   0.3966943D-09   0.5359060D-07   0.3691943D-06   0.7370866D-07
    6    6   0.4925486D-08   0.6929452D-08   0.3268530D-08   0.3317350D-08   0.1131150D-06   0.3986031D-06   0.4978451D-07
    6    7   0.4626552D-09   0.6343513D-09   0.2817362D-07   0.1881886D-06   0.3710287D-06   0.2920880D-07
    6    8   0.1813693D-07   0.8070487D-07   0.2391181D-06   0.2834699D-06   0.1416758D-07
    6    9   0.9891474D-07   0.2028709D-06   0.1605326D-06   0.5187626D-08
    6   10   0.7582977D-07   0.5373134D-07   0.1197497D-08
    6   11   0.5597848D-08   0.1141684D-09
    6   12   0.1069771D-11
                  13              12              11              10               9               8               7               6               5               4               3               2               1
    7    0   0.2262838D-11   0.5634748D-11   0.1079614D-10   0.2024692D-10   0.3911082D-10   0.7913150D-10   0.1682670D-09   0.3731290D-09   0.8356908D-09   0.1638867D-08   0.9837169D-09   0.1294258D-07   0.4971694D-07
    7    1   0.2867264D-10   0.7084848D-10   0.1338612D-09   0.2456126D-09   0.4590949D-09   0.8836071D-09   0.1736405D-08   0.3342042D-08   0.5201371D-08   0.1347810D-08   0.4358967D-07   0.7484706D-07
    7    2   0.1798586D-09   0.4392742D-09   0.8125243D-09   0.1441502D-08   0.2557859D-08   0.4529454D-08   0.7597730D-08   0.9294718D-08   0.4232314D-09   0.9265147D-07   0.8187412D-07
    7    3   0.7304521D-09   0.1752354D-08   0.3136586D-08   0.5276998D-08   0.8564751D-08   0.1256918D-07   0.1149498D-07   0.3774175D-09   0.1556867D-06   0.7648982D-07
    7    4   0.2102139D-08   0.4908200D-08   0.8334184D-08   0.1266733D-07   0.1605603D-07   0.9551003D-08   0.7051602D-08   0.2224774D-06   0.6363442D-07
    7    5   0.4387357D-08   0.9697298D-08   0.1437749D-07   0.1499827D-07   0.3613018D-08   0.2913376D-07   0.2773879D-06   0.4749452D-07
    7    6   0.5733227D-08   0.1020179D-07   0.7455190D-08   0.1724634D-09   0.7356007D-07   0.3017864D-06   0.3144594D-07
    7    7   0.1221966D-08   0.1415025D-10   0.1483991D-07   0.1342134D-06   0.2800295D-06   0.1793834D-07
    7    8   0.1081503D-07   0.5592096D-07   0.1764873D-06   0.2097714D-06   0.8345191D-08
    7    9   0.6372813D-07   0.1444076D-06   0.1129325D-06   0.2858098D-08
    7   10   0.4222075D-07   0.3336153D-07   0.5849290D-09
    7   11   0.2279186D-08   0.4265295D-10
    7   12   0.1422720D-12
                  12              11              10               9               8               7               6               5               4               3               2               1
    8    0   0.5133911D-11   0.1018634D-10   0.1939337D-10   0.3794780D-10   0.7798204D-10   0.1693872D-09   0.3874963D-09   0.9121797D-09   0.1967073D-08   0.1750451D-08   0.7955212D-08   0.3259266D-07
    8    1   0.6604511D-10   0.1294901D-09   0.2419176D-09   0.4600645D-09   0.9056127D-09   0.1839777D-08   0.3738758D-08   0.6490685D-08   0.3169187D-08   0.2871690D-07   0.4869685D-07
    8    2   0.4201855D-09   0.8092891D-09   0.1469232D-08   0.2673764D-08   0.4910108D-08   0.8748331D-08   0.1220024D-07   0.2421360D-08   0.6414386D-07   0.5277199D-07
    8    3   0.1729355D-08   0.3242642D-08   0.5636137D-08   0.9535855D-08   0.1498907D-07   0.1623533D-07   0.3085617D-09   0.1117201D-06   0.4872340D-07
    8    4   0.5057202D-08   0.9095959D-08   0.1455367D-07   0.2002970D-07   0.1535846D-07   0.1590053D-08   0.1637024D-06   0.3992439D-07
    8    5   0.1065134D-07   0.1710740D-07   0.1998370D-07   0.8310366D-08   0.1466632D-07   0.2072554D-06   0.2920759D-07
    8    6   0.1247876D-07   0.1144898D-07   0.4248571D-09   0.4741688D-07   0.2265801D-06   0.1881746D-07
    8    7   0.4881498D-09   0.7644396D-08   0.9602448D-07   0.2084184D-06   0.1032537D-07
    8    8   0.3950129D-07   0.1295508D-06   0.1514873D-06   0.4530026D-08
    8    9   0.9876369D-07   0.7588155D-07   0.1408981D-08
    8   10   0.1869425D-07   0.2404414D-09
    8   11   0.1119730D-10
                  12              11              10               9               8               7               6               5               4               3               2               1
    9    0   0.4498561D-11   0.9413724D-11   0.1822547D-10   0.3607561D-10   0.7509946D-10   0.1660113D-09   0.3896328D-09   0.9550404D-09   0.2214006D-08   0.2495458D-08   0.4721561D-08   0.2067257D-07
    9    1   0.5901006D-10   0.1222481D-09   0.2328256D-09   0.4495066D-09   0.9013697D-09   0.1881313D-08   0.3992117D-08   0.7509059D-08   0.5126965D-08   0.1860926D-07   0.3058315D-07
    9    2   0.3835377D-09   0.7827859D-09   0.1454655D-08   0.2704850D-08   0.5115586D-08   0.9551077D-08   0.1459509D-07   0.5143901D-08   0.4406694D-07   0.3273980D-07
    9    3   0.1618439D-08   0.3232226D-08   0.5795165D-08   0.1014349D-07   0.1678571D-07   0.2030284D-07   0.2185413D-08   0.7985997D-07   0.2976579D-07
    9    4   0.4896643D-08   0.9461338D-08   0.1582084D-07   0.2309318D-07   0.2057934D-07   0.2525290D-10   0.1200892D-06   0.2391020D-07
    9    5   0.1079177D-07   0.1887477D-07   0.2383172D-07   0.1297358D-07   0.6692589D-08   0.1541637D-06   0.1703648D-07
    9    6   0.1327781D-07   0.1432006D-07   0.1975573D-08   0.3060610D-07   0.1687201D-06   0.1058472D-07
    9    7   0.9145463D-09   0.4062407D-08   0.6933919D-07   0.1527602D-06   0.5511703D-08
    9    8   0.2849792D-07   0.9441534D-07   0.1062997D-06   0.2230801D-08
    9    9   0.6342490D-07   0.4812383D-07   0.6049773D-09
    9   10   0.9045570D-08   0.7837906D-10
    9   11   0.1644271D-11
                  12              11              10               9               8               7               6               5               4               3               2               1
   10    0   0.3700499D-11   0.8535978D-11   0.1687647D-10   0.3377068D-10   0.7106772D-10   0.1593939D-09   0.3822185D-09   0.9690195D-09   0.2379205D-08   0.3136702D-08   0.2693589D-08   0.1263644D-07
   10    1   0.4935259D-10   0.1128926D-09   0.2200391D-09   0.4307752D-09   0.8773439D-09   0.1872762D-08   0.4117552D-08   0.8235979D-08   0.6911542D-08   0.1188297D-07   0.1846062D-07
   10    2   0.3264653D-09   0.7376441D-09   0.1407778D-08   0.2668954D-08   0.5173493D-08   0.1002896D-07   0.1638490D-07   0.7882987D-08   0.3013305D-07   0.1945632D-07
   10    3   0.1405530D-08   0.3122030D-08   0.5786835D-08   0.1043015D-07   0.1796383D-07   0.2343674D-07   0.4750305D-08   0.5702528D-07   0.1734273D-07
   10    4   0.4370743D-08   0.9457853D-08   0.1649952D-07   0.2516887D-07   0.2466693D-07   0.4610001D-09   0.8801340D-07   0.1357805D-07
   10    5   0.9926013D-08   0.1960198D-07   0.2627267D-07   0.1666676D-07   0.2686495D-08   0.1142927D-06   0.9347802D-08
   10    6   0.1220118D-07   0.1554579D-07   0.3499176D-08   0.2008976D-07   0.1245890D-06   0.5536300D-08
   10    7   0.8177207D-09   0.2463466D-08   0.5083180D-07   0.1100216D-06   0.2687168D-08
   10    8   0.2050567D-07   0.6792024D-07   0.7201400D-07   0.9730097D-09
   10    9   0.3632505D-07   0.2826916D-07   0.2163900D-09
   10   10   0.3450387D-08   0.1808108D-10
   10   11   0.6782037D-13
                  11              10               9               8               7               6               5               4               3               2               1
   11    0   0.7579906D-11   0.1544333D-10   0.3125203D-10   0.6637628D-10   0.1506701D-09   0.3678964D-09   0.9598824D-09   0.2469721D-08   0.3632563D-08   0.1468945D-08   0.7407292D-08
   11    1   0.1018215D-09   0.2049143D-09   0.4067786D-09   0.8395855D-09   0.1826431D-08   0.4136946D-08   0.8684178D-08   0.8348759D-08   0.7500443D-08   0.1065093D-07
   11    2   0.6765284D-09   0.1337402D-08   0.2583683D-08   0.5115571D-08   0.1022674D-07   0.1756166D-07   0.1021104D-07   0.2059155D-07   0.1100540D-07
   11    3   0.2922867D-08   0.5644993D-08   0.1045195D-07   0.1858050D-07   0.2554764D-07   0.7202866D-08   0.4081017D-07   0.9565356D-08
   11    4   0.9104664D-08   0.1664844D-07   0.2627910D-07   0.2736307D-07   0.1640372D-08   0.6458495D-07   0.7245332D-08
   11    5   0.1923466D-07   0.2720399D-07   0.1889292D-07   0.9109446D-09   0.8452755D-07   0.4769375D-08
   11    6   0.1491409D-07   0.4287883D-08   0.1368573D-07   0.9116160D-07   0.2650876D-08
   11    7   0.1914645D-08   0.3797123D-07   0.7758287D-07   0.1169351D-08
   11    8   0.4756998D-07   0.4663166D-07   0.3617511D-09
   11    9   0.1489920D-07   0.5956764D-10
   11   10   0.2286837D-11
                  11              10               9               8               7               6               5               4               3               2               1
   12    0   0.6526585D-11   0.1398653D-10   0.2867973D-10   0.6140556D-10   0.1407692D-09   0.3490207D-09   0.9334494D-09   0.2496498D-08   0.3969571D-08   0.7607503D-09   0.4136719D-08
   12    1   0.8882560D-10   0.1883745D-09   0.3798239D-09   0.7932659D-09   0.1753792D-08   0.4073946D-08   0.8885196D-08   0.9361676D-08   0.4702923D-08   0.5830192D-08
   12    2   0.5982546D-09   0.1250166D-08   0.2464541D-08   0.4972818D-08   0.1019768D-07   0.1816955D-07   0.1190732D-07   0.1413199D-07   0.5874444D-08
   12    3   0.2630018D-08   0.5398221D-08   0.1026632D-07   0.1871664D-07   0.2665572D-07   0.9089006D-08   0.2937326D-07   0.4942930D-08
   12    4   0.8375063D-08   0.1632478D-07   0.2649482D-07   0.2860525D-07   0.2801977D-08   0.4754381D-07   0.3586470D-08
   12    5   0.1765512D-07   0.2661493D-07   0.1947586D-07   0.2513426D-09   0.6238003D-07   0.2225045D-08
   12    6   0.1246627D-07   0.4116648D-08   0.9892052D-08   0.6596866D-07   0.1134924D-08
   12    7   0.1956734D-08   0.2886558D-07   0.5325173D-07   0.4379482D-09
   12    8   0.3147682D-07   0.2840555D-07   0.1073299D-09
   12    9   0.6639066D-08   0.1076517D-10
   12   10   0.7176784D-13
                  10               9               8               7               6               5               4               3               2               1
   13    0   0.1252630D-10   0.2615650D-10   0.5643197D-10   0.1304137D-09   0.3275446D-09   0.8950247D-09   0.2471814D-08   0.4152494D-08   0.3713139D-09   0.2181450D-08
   13    1   0.1708389D-09   0.3515858D-09   0.7425066D-09   0.1664686D-08   0.3951008D-08   0.8878864D-08   0.9938968D-08   0.2950973D-08   0.2996983D-08
   13    2   0.1149716D-08   0.2323968D-08   0.4772670D-08   0.9994746D-08   0.1827927D-07   0.1289579D-07   0.9796866D-08   0.2923430D-08
   13    3   0.5063990D-08   0.9923437D-08   0.1845682D-07   0.2684302D-07   0.1020481D-07   0.2133573D-07   0.2358075D-08
   13    4   0.1555676D-07   0.2589685D-07   0.2845409D-07   0.3551960D-08   0.3515978D-07   0.1616197D-08
   13    5   0.2453332D-07   0.1846908D-07   0.6145051D-10   0.4590722D-07   0.9253494D-09
   13    6   0.3129470D-08   0.7715839D-08   0.4704760D-07   0.4185781D-09
   13    7   0.2210987D-07   0.3525090D-07   0.1327114D-09
   13    8   0.1585369D-07   0.2240180D-10
   13    9   0.8587194D-12
                  10               9               8               7               6               5               4               3               2               1
   14    0   0.1103267D-10   0.2373906D-10   0.5164032D-10   0.1201298D-09   0.3050005D-09   0.8491111D-09   0.2407629D-08   0.4196778D-08   0.1695196D-09   0.1072779D-08
   14    1   0.1520206D-09   0.3230969D-09   0.6903900D-09   0.1567077D-08   0.3787782D-08   0.8706223D-08   0.1011025D-07   0.1872199D-08   0.1425832D-08
   14    2   0.1035103D-08   0.2170786D-08   0.4537600D-08   0.9665237D-08   0.1797012D-07   0.1319549D-07   0.6903066D-08   0.1332841D-08
   14    3   0.4639310D-08   0.9460016D-08   0.1787567D-07   0.2621934D-07   0.1051768D-07   0.1568644D-07   0.1016055D-08
   14    4   0.1430731D-07   0.2454768D-07   0.2704183D-07   0.3755421D-08   0.2613461D-07   0.6442396D-09
   14    5   0.2099502D-07   0.1609380D-07   0.2629975D-10   0.3362441D-07   0.3294244D-09
   14    6   0.1739054D-08   0.6513660D-08   0.3287771D-07   0.1248352D-09
   14    7   0.1665300D-07   0.2217859D-07   0.2896672D-10
   14    8   0.7734468D-08   0.2461814D-11
   14    9   0.5823187D-14
                   9               8               7               6               5               4               3               2               1
   15    0   0.2143357D-10   0.4714025D-10   0.1102797D-09   0.2825341D-09   0.7993440D-09   0.2314643D-08   0.4123126D-08   0.7212025D-10   0.4831865D-09
   15    1   0.2947362D-09   0.6390495D-09   0.1467087D-08   0.3600425D-08   0.8405154D-08   0.9927887D-08   0.1217082D-08   0.6144893D-09
   15    2   0.2009566D-08   0.4284517D-08   0.9247849D-08   0.1731847D-07   0.1288298D-07   0.4973937D-08   0.5421829D-09
   15    3   0.8892483D-08   0.1702858D-07   0.2489992D-07   0.1010502D-07   0.1169741D-07   0.3821840D-09
   15    4   0.2247080D-07   0.2454067D-07   0.3448641D-08   0.1951137D-07   0.2167986D-09
   15    5   0.1270449D-07   0.4487238D-10   0.2441983D-07   0.9361586D-10
   15    6   0.5850603D-08   0.2230885D-07   0.2670728D-10
   15    7   0.1295119D-07   0.3510155D-11
   15    8   0.5408574D-13
                   9               8               7               6               5               4               3               2               1
   16    0   0.1918513D-10   0.4297668D-10   0.1010933D-09   0.2609594D-09   0.7485119D-09   0.2201842D-08   0.3953856D-08   0.2892446D-10   0.1939676D-09
   16    1   0.2660178D-09   0.5897636D-09   0.1369180D-08   0.3401479D-08   0.8008064D-08   0.9454457D-08   0.8233381D-09   0.2320601D-09
   16    2   0.1838744D-08   0.4024307D-08   0.8771188D-08   0.1639112D-07   0.1206562D-07   0.3683288D-08   0.1886531D-09
   16    3   0.8204716D-08   0.1594481D-07   0.2299286D-07   0.9109009D-08   0.8852542D-08   0.1185706D-09
   16    4   0.1963384D-07   0.2114891D-07   0.2770614D-08   0.1459584D-07   0.5670919D-10
   16    5   0.8776183D-08   0.1318838D-09   0.1747724D-07   0.1854755D-10
   16    6   0.5383938D-08   0.1449092D-07   0.3125747D-11
   16    7   0.6735804D-08   0.1040011D-12
   16    8   0.2836335D-18
                   8               7               6               5               4               3               2               1
   17    0   0.3913306D-10   0.9269488D-10   0.2408283D-09   0.6986607D-09   0.2076374D-08   0.3710648D-08   0.1157162D-10   0.6643795D-10
   17    1   0.5429518D-09   0.1276374D-08   0.3200034D-08   0.7540885D-08   0.8754605D-08   0.5883995D-09   0.7268569D-10
   17    2   0.3760680D-08   0.8252849D-08   0.1524209D-07   0.1086366D-07   0.2811339D-08   0.5219006D-10
   17    3   0.1462048D-07   0.2059429D-07   0.7704594D-08   0.6790398D-08   0.2732682D-10
   17    4   0.1709321D-07   0.1910422D-08   0.1089174D-07   0.9755380D-11
   17    5   0.3357804D-09   0.1220982D-07   0.1860829D-11
   17    6   0.8808437D-08   0.8345452D-13
   17    7   0.7956059D-21
                   8               7               6               5               4               3               2               1
   18    0   0.3551174D-10   0.8512718D-10   0.2224904D-09   0.6512078D-09   0.1943613D-08   0.3413318D-08   0.5380846D-11   0.1799776D-10
   18    1   0.4978676D-09   0.1190347D-08   0.3001957D-08   0.7022951D-08   0.7890312D-08   0.4490560D-09   0.1707645D-10
   18    2   0.3486636D-08   0.7698200D-08   0.1391203D-07   0.9398998D-08   0.2211533D-08   0.9948270D-11
   18    3   0.1300830D-07   0.1779018D-07   0.6077497D-08   0.5260307D-08   0.3729141D-11
   18    4   0.1264511D-07   0.1065941D-08   0.8050082D-08   0.7194005D-12
   18    5   0.6697871D-09   0.8206128D-08   0.3013365D-13
   18    6   0.4820837D-08   0.2102457D-21
   18    7   0.5554175D-13
                   7               6               5               4               3               2               1
   19    0   0.7835488D-10   0.2061434D-09   0.6070510D-09   0.1807323D-08   0.3079268D-08   0.3682858D-11   0.3319073D-11
   19    1   0.1111303D-08   0.2810009D-08   0.6467346D-08   0.6918503D-08   0.3669942D-09   0.2426642D-11
   19    2   0.7097897D-08   0.1242920D-07   0.7788720D-08   0.1786519D-08   0.9253193D-12
   19    3   0.1466432D-07   0.4408995D-08   0.4090021D-08   0.1547301D-12
   19    4   0.4091852D-09   0.5830837D-08   0.3354980D-14
   19    5   0.5186672D-08   0.1733859D-16
   19    6   0.7244550D-13
                   7               6               5               4               3               2               1
   20    0   0.7223199D-10   0.1918612D-09   0.5666507D-09   0.1669844D-08   0.2723418D-08   0.4060416D-11   0.2885052D-12
   20    1   0.1037159D-08   0.2623644D-08   0.5881509D-08   0.5890235D-08   0.3189657D-09   0.1126530D-12
   20    2   0.6422389D-08   0.1081210D-07   0.6141718D-08   0.1471481D-08   0.1143601D-13
   20    3   0.1131297D-07   0.2864375D-08   0.3162834D-08   0.9714588D-17
   20    4   0.5403240D-10   0.4074864D-08   0.1357003D-14
   20    5   0.2968332D-08   0.1508493D-12
   20    6   0.1935284D-11
                   6               5               4               3               2               1
   21    0   0.1795848D-09   0.5300687D-09   0.1532282D-08   0.2358396D-08   0.5992550D-11   0.2768639D-14
   21    1   0.2438197D-08   0.5267968D-08   0.4850837D-08   0.2904257D-09   0.2446227D-16
   21    2   0.9073639D-08   0.4556950D-08   0.1223091D-08   0.5789170D-16
   21    3   0.1582211D-08   0.2401999D-08   0.2030936D-13
   21    4   0.2683392D-08   0.3830566D-12
   21    5   0.2848285D-11
                   6               5               4               3               2               1
   22    0   0.1690167D-09   0.4969337D-09   0.1394663D-08   0.1994876D-08   0.9490719D-11   0.6017104D-16
   22    1   0.2242787D-08   0.4625206D-08   0.3840529D-08   0.2716749D-09   0.7954358D-14
   22    2   0.7227651D-08   0.3122120D-08   0.1012579D-08   0.1307959D-12
   22    3   0.6618076D-09   0.1760463D-08   0.9726925D-12
   22    4   0.1602281D-08   0.4679112D-11
                   5               4               3               2               1
   23    0   0.4662829D-09   0.1256059D-08   0.1641979D-08   0.1440840D-10   0.6149658D-13
   23    1   0.3948753D-08   0.2895152D-08   0.2557451D-09   0.4709284D-12
   23    2   0.1911612D-08   0.8217005D-09   0.2200004D-11
   23    3   0.1214143D-08   0.7867851D-11
   23    4   0.2321035D-10
                   4               3               2               1
   24    0   0.1114682D-08   0.1307668D-08   0.2018918D-10   0.9346488D-12
   24    1   0.2046693D-08   0.2374499D-09   0.4060949D-11
   24    2   0.6406345D-09   0.1255147D-10
   24    3   0.3267929D-10
                   4               3               2               1
   25    0   0.9679729D-09   0.9990925D-09   0.2588647D-10   0.5128369D-11
   25    1   0.1323268D-08   0.2131792D-09   0.1746267D-10
   25    2   0.4670070D-09   0.4392215D-10
   25    3   0.9551550D-10
                   3               2               1
   26    0   0.7228459D-09   0.3034085D-10   0.1759666D-10
   26    1   0.1811248D-09   0.5236580D-10
   26    2   0.1164035D-09
                   3               2               1
   27    0   0.4850683D-09   0.3243798D-10   0.4613223D-10
   27    1   0.1416920D-09   0.1261696D-09
                   2               1
   28    0   0.3139445D-10   0.1017716D-09
   28    1   0.2630457D-09
                   1
   29    0   0.1995631D-09

