0.000	0.0030528676	2.725
10.000	2.6590528676	29.975
10.062	2.6890092456	30.1448753784
10.125	2.7193179568	30.3158097529
10.188	2.7499831339	30.4878097253
10.252	2.7810090162	30.6608819384
10.316	2.8123998931	30.8350330766
10.380	2.8441601044	31.0102698658
10.445	2.8762940404	31.1865990739
10.510	2.908806144	31.3640275111
10.575	2.9417009103	31.5425620298
10.641	2.974982886	31.7222095254
10.708	3.0086566729	31.902976936
10.774	3.042726927	32.0848712433
10.841	3.0771983592	32.2678994722
10.909	3.1120757415	32.4520686915
10.977	3.1473639071	32.6373860142
11.045	3.1830677404	32.8238585974
11.114	3.2191922276	33.011493643
11.184	3.255742343	33.2002983978
11.253	3.292723098	33.3902801537
11.323	3.3301396035	33.581446248
11.394	3.3679970311	33.7738040639
11.465	3.4063006118	33.9673610304
11.537	3.4450556396	34.1621246232
11.608	3.4842674673	34.3581023641
11.681	3.5239415165	34.5553018223
11.754	3.5640832662	34.7537306137
11.827	3.6046982707	34.9533964021
11.901	3.6457921471	35.1543068987
11.975	3.6873705848	35.3564698631
12.050	3.7294393649	35.5598931032
12.125	3.7720042919	35.7645844753
12.200	3.8150712006	35.970551885
12.276	3.8586460303	36.1778032871
12.353	3.9027347962	36.3863466859
12.430	3.9473435821	36.5961901356
12.507	3.9924785431	36.8073417408
12.585	4.038145905	37.0198096564
12.664	4.0843519672	37.2336020882
12.743	4.1311031028	37.4487272933
12.822	4.1784057625	37.66519358
12.902	4.2262664802	37.8830093087
12.982	4.2746918863	38.1021828916
13.063	4.3236886949	38.3227227936
13.145	4.373263618	38.5446375323
13.227	4.4234234522	38.7679356784
13.309	4.4741751068	38.9926258559
13.392	4.5255255689	39.2187167427
13.476	4.5774819096	39.4462170708
13.560	4.63005128	39.6751356266
13.644	4.6832409056	39.9054812513
13.729	4.7370580746	40.137262841
13.815	4.7915102059	40.3704893477
13.901	4.8466048115	40.6051697788
13.988	4.9023494748	40.8413131981
14.075	4.9587519513	41.0789287257
14.163	5.0158199739	41.3180255388
14.251	5.0735613096	41.5586128715
14.340	5.1319838735	41.8007000158
14.429	5.1910956828	42.0442963213
14.519	5.2509048472	42.2894111962
14.610	5.3114195691	42.5360541071
14.701	5.372648144	42.7842345798
14.792	5.4345989615	43.0339621994
14.884	5.4972805106	43.2852466106
14.977	5.5607013916	43.5380975186
15.071	5.6248703252	43.7925246886
15.165	5.6897961862	44.0485379472
15.259	5.755487795	44.3061471819
15.354	5.8219540794	44.565362342
15.450	5.8892041244	44.8261934387
15.546	5.9572471198	45.0886505457
15.643	6.0260923582	45.3527437995
15.741	6.0957492393	45.6184833998
15.839	6.1662272678	45.8858796099
15.938	6.2375360653	46.1549427569
16.037	6.3096854443	46.4256832325
16.137	6.3826852487	46.698111493
16.238	6.4565454184	46.9722380601
16.339	6.5312759445	47.248073521
16.441	6.606886992	47.5256285288
16.543	6.6833888488	47.8049138031
16.646	6.7607919182	48.0859401302
16.750	6.8391067114	48.368718364
16.854	6.9183438456	48.6532594256
16.959	6.9985141025	48.9395743044
17.065	7.0796284242	49.2276740585
17.172	7.1616979264	49.5175698145
17.279	7.2447336797	49.8092727688
17.386	7.3287468483	50.1027941872
17.495	7.4137488041	50.3981454061
17.604	7.4997510273	50.6953378324
17.714	7.5867650865	50.994382944
17.824	7.6748027983	51.2952922905
17.935	7.7638761078	51.5980774935
18.047	7.8539937103	51.902750247
18.159	7.9451747028	52.2093223179
18.273	8.0374277835	52.5178055465
18.386	8.1307653846	52.8282118468
18.501	8.2252000532	53.1405532072
18.616	8.3207443995	53.4548416908
18.733	8.417411354	53.7710894359
18.849	8.5152139537	54.0893086564
18.967	8.61416535	54.4095116424
19.085	8.7142759233	54.7317107607
19.204	8.8155652069	55.055918455
19.324	8.9180435788	55.3821472467
19.444	9.0217247587	55.7104097353
19.565	9.126622592	56.0407185987
19.687	9.2327510203	56.373086594
19.810	9.3401243072	56.7075265577
19.934	9.4487568521	57.0440514064
20.058	9.5586585095	57.3826741371
20.183	9.6698535002	57.723407828
20.309	9.7823515151	58.0662656386
20.435	9.896167851	58.4112608108
20.563	10.0113174324	58.7584066687
20.691	10.1278156276	59.1077166195
20.820	10.2456779378	59.4592041542
20.950	10.3649200687	59.8128828478
21.080	10.485553791	60.1687663597
21.212	10.6076034157	60.5268684348
21.344	10.7310807657	60.8872029036
21.477	10.8560021284	61.2497836825
21.611	10.9823838977	61.6146247751
21.746	11.1102427768	61.9817402721
21.881	11.2395957468	62.351144352
22.018	11.3704555031	62.7228512817
22.155	11.5028484216	63.0968754171
22.293	11.6367871191	63.4732312035
22.432	11.7722889864	63.8519331765
22.572	11.9093719642	64.2329959619
22.712	12.0480540714	64.6164342771
22.854	12.1883534758	65.002262931
22.997	12.3302864193	65.3904968248
23.140	12.4738725293	65.7811509527
23.284	12.6191352212	66.1742404024
23.429	12.7660898338	66.5697803555
23.575	12.9147554132	66.9677860884
23.722	13.0651512462	67.3682729726
23.870	13.2172970034	67.7712564757
24.019	13.3712078975	68.1767521612
24.169	13.526913619	68.5847756902
24.319	13.6844292613	68.9953428211
24.471	13.8437751756	69.4084694106
24.624	14.0049718396	69.8241714142
24.777	14.1680400542	70.2424648871
24.932	14.3330010171	70.6633659842
25.087	14.4998710911	71.0868909614
25.243	14.6686819729	71.5130561759
25.401	14.8394500956	71.9418780868
25.559	15.0121972328	72.3733732558
25.718	15.186945342	72.807558348
25.879	15.3637170331	73.2444501322
26.040	15.542535131	73.6840654817
26.202	15.7234227697	74.1264213753
26.366	15.9064026023	74.5715348973
26.530	16.0914977089	75.0194232387
26.695	16.2787315946	75.4701036975
26.862	16.4681282009	75.9235936798
27.029	16.6597092158	76.3799107
27.198	16.8535044239	76.8390723817
27.367	17.0495352573	77.3010964584
27.538	17.2478264091	77.7660007742
27.710	17.4484028159	78.2338032843
27.882	17.651289862	78.7045220561
28.056	17.8565063162	79.1781752693
28.231	18.0640919933	79.6547812171
28.407	18.2740656901	80.1343583069
28.584	18.4864536662	80.6169250604
28.762	18.7012823364	81.1025001152
28.942	18.9185785778	81.5911022249
29.122	19.1383673119	82.0827502601
29.304	19.3606811481	82.5774632089
29.486	19.585544698	83.0752601778
29.670	19.8129856909	83.5761603926
29.855	20.0430324681	84.0801831987
30.041	20.2757065112	84.5873480622
30.229	20.5110510948	85.0976745706
30.417	20.7490874885	85.6111824334
30.607	20.989845158	86.1278914831
30.797	21.2333537449	86.6478216758
30.989	21.4796399484	87.1709930919
31.183	21.7287383552	87.6974259371
31.377	21.9806807622	88.2271405429
31.573	22.2354950953	88.7601573678
31.769	22.4932122392	89.2964969977
31.967	22.7538637908	89.8361801467
32.167	23.0174800936	90.3792276583
32.367	23.2840966484	90.9256605057
32.569	23.553743301	91.4754997929
32.772	23.8264525713	92.0287667557
32.976	24.1022574432	92.5854827619
33.182	24.381186475	93.1456693129
33.389	24.6632825598	93.7093480437
33.597	24.94857471	94.2765407245
33.806	25.2370968672	94.8472692611
34.017	25.5288772692	95.421555696
34.229	25.8239640203	95.9994222088
34.443	26.122385058	96.5808911177
34.657	26.4241755994	97.1659848799
34.873	26.7293713839	97.7547260925
35.091	27.0380061426	98.3471374935
35.309	27.3501217456	98.9432419629
35.530	27.6657512653	99.543062523
35.751	27.9849321957	100.1466223397
35.974	28.3077017297	100.7539447236
36.198	28.6340986316	101.3650531301
36.424	28.964160229	101.9799711614
36.651	29.2979243589	102.5987225663
36.879	29.6354298916	103.221331242
37.109	29.9767123582	103.8478212345
37.341	30.3218194361	104.4782167399
37.573	30.670785825	105.112542105
37.808	31.0236519603	105.7508218282
38.043	31.3804534754	106.393080561
38.280	31.7412414402	107.0393431082
38.519	32.1060516366	107.6896344296
38.759	32.4749255392	108.3439796404
39.001	32.8479015909	109.0024040122
39.244	33.2250289859	109.6649329745
39.489	33.6063476358	110.331592115
39.735	33.991899341	111.0024071812
39.983	34.3817279112	111.6774040809
40.232	34.7758753314	112.3566088835
40.483	35.1743893458	113.0400478209
40.735	35.5773119831	113.7277472885
40.989	35.9846864394	114.4197338462
41.244	36.3965608451	115.1160342197
41.502	36.8129811269	115.816675301
41.760	37.2339918148	116.5216841501
42.021	37.6596367937	117.2310879952
42.283	38.0899683069	117.9449142347
42.546	38.5250301321	118.6631904377
42.811	38.9648696045	119.3859443449
43.078	39.4095345674	120.1132038702
43.347	39.8590742993	120.8449971015
43.617	40.3135358683	121.5813523016
43.889	40.7729686346	122.3222979098
44.163	41.237417655	123.0678625424
44.438	41.7069416769	123.8180749942
44.715	42.1815870964	124.5729642395
44.994	42.6613991746	125.3325594334
45.274	43.1464363983	126.0968899124
45.556	43.6367491679	126.8659851962
45.840	44.1323868829	127.6398749883
46.126	44.6333951942	128.4185891775
46.414	45.1398406342	129.2021578389
46.703	45.6517684577	129.9906112351
46.994	46.1692267375	130.7839798174
47.287	46.6922791151	131.5822942267
47.582	47.2209761308	132.3855852952
47.878	47.7553712967	133.1938840471
48.177	48.2955187802	134.0072217002
48.477	48.8414764021	134.8256296667
48.780	49.3932977736	135.6491395549
49.084	49.9510303033	136.4777831697
49.390	50.5147418305	137.3115925148
49.697	51.0844937107	138.150599793
50.007	51.660328766	138.994837408
50.319	52.2423205489	139.8443379656
50.633	52.8305183569	140.6991342747
50.948	53.4249810831	141.5592593488
51.266	54.0257599182	142.4247464072
51.586	54.6329302789	143.2956288763
51.907	55.2465434399	144.1719403909
52.231	55.8666487304	145.0537147954
52.556	56.4933254694	145.9409861452
52.884	57.126629758	146.8337887081
53.214	57.7666048597	147.7321569654
53.545	58.4133431684	148.6361256135
53.879	59.0668904556	149.5457295649
54.215	59.7273061962	150.4610039499
54.553	60.3946612988	151.3819841178
54.893	61.0690019389	152.3087056381
55.235	61.7504065003	153.2412043022
55.580	62.438947781	154.1795161247
55.926	63.1346791802	155.1236773444
56.275	63.8376637104	156.0737244262
56.626	64.5479718779	157.0296940625
56.979	65.2656658185	157.9916231742
57.334	65.9908124284	158.9595489123
57.691	66.7234781706	159.9335086597
58.051	67.4637285993	160.913540032
58.413	68.2116334887	161.8996808796
58.777	68.9672584823	162.8919692886
59.143	69.7306707036	163.8904435827
59.512	70.5019414324	164.8951423245
59.883	71.2811373328	165.9061043169
60.256	72.0683247591	166.9233686047
60.632	72.8635796085	167.9469744763
61.010	73.6669667209	168.9769614647
61.390	74.4785572773	170.0133693496
61.773	75.2984249828	171.0562381585
62.158	76.1266382032	172.1056081688
62.546	76.9632695462	173.1615199084
62.935	77.8083899576	174.2240141584
63.328	78.6620706945	175.2931319539
63.723	79.524386002	176.3689145856
64.120	80.3954063678	177.451403602
64.520	81.2752078426	178.5406408104
64.922	82.1638614041	179.6366682787
65.326	83.061439151	180.7395283371
65.734	83.9680207232	181.8492635797
66.143	84.883674384	182.9659168662
66.556	85.8084821031	184.0895313233
66.971	86.7425145528	185.2201503466
67.388	87.6858464109	186.3578176025
67.808	88.6385565704	187.5025770291
68.231	89.6007171658	188.6544728389
68.656	90.5724097254	189.8135495198
69.084	91.5537051833	190.979851837
69.515	92.5446875618	192.1534248349
69.948	93.5454294587	193.3343138385
70.384	94.5560103238	194.5225644555
70.823	95.5765074115	195.718222578
71.265	96.6069983339	196.921334384
71.709	97.6475632864	198.1319463395
72.156	98.6982775492	199.3501052001
72.606	99.7592256033	200.5758580129
73.058	100.8304823891	201.8092521183
73.514	101.9121317086	203.0503351517
73.972	103.0042468769	204.2991550457
74.433	104.1069138618	205.5557600316
74.897	105.2202142653	206.8201986412
75.364	106.3442215288	208.092519709
75.834	107.479026179	209.372772374
76.307	108.6247051252	210.6610060814
76.782	109.7813396522	211.9572705848
77.261	110.9490096041	213.2616159476
77.743	112.1278000282	214.5740925458
78.227	113.3177902003	215.8947510691
78.715	114.5190621386	217.2236425233
79.206	115.7317018452	218.5608182321
79.700	116.9557904057	219.9063298392
80.196	118.1914106773	221.2602293103
80.696	119.4386470593	222.622568935
81.199	120.6975804782	223.9934013288
81.706	121.9682963116	225.3727794354
82.215	123.2508728264	226.7607565283
82.727	124.5454024817	228.1573862132
83.243	125.8519652666	229.5627224302
83.762	127.1706459118	230.9768194552
84.284	128.5015259995	232.3997319029
84.810	129.844693935	233.8315147283
85.338	131.2002284196	235.2722232288
85.870	132.5682217668	236.7219130469
86.406	133.9487515282	238.1806401716
86.944	135.3419095415	239.6484609411
87.486	136.7477743993	241.1254320449
88.032	138.1664335613	242.6116105258
88.581	139.5979737305	244.1070537822
89.133	141.0424788292	245.6118195702
89.688	142.5000382948	247.1259660063
90.248	143.9707328811	248.6495515689
90.810	145.4546502908	250.1826351012
91.376	146.9518714674	251.7252758132
91.946	148.4624889886	253.2775332838
92.519	149.9865811956	254.8394674636
93.096	151.5242412148	256.4111386769
93.676	153.0755509178	257.9926076237
94.260	154.6405933772	259.5839353829
94.848	156.2194609437	261.1851834139
95.439	157.812232349	262.7964135591
96.034	159.4189966467	264.4176880468
96.633	161.0398426169	266.0490694929
97.235	162.6748526779	267.6906209038
97.841	164.324113876	269.3424056786
98.451	165.9877094663	271.0044876117
99.065	167.6657283945	272.6769308952
99.682	169.3582546382	274.3598001213
100.304	171.0653731419	276.0531602848
100.929	172.7871699193	277.7570767859
101.558	174.5237242315	279.4716154324
102.192	176.27513338	281.1968424422
102.829	178.0414770579	282.9328244462
103.470	179.8228398211	284.6796284905
104.115	181.6193065779	286.4373220393
104.764	183.4309637932	288.2059729774
105.417	185.2578954701	289.9856496127
106.074	187.1001860569	291.7764206788
106.735	188.9579198884	293.578355338
107.401	190.8311821844	295.3915231838
108.070	192.7200578868	297.2159942433
108.744	194.6246306654	299.0518389802
109.422	196.5449847313	300.8991282977
110.104	198.4812036231	302.7579335408
110.790	200.4333710006	304.6283264992
111.481	202.4015711653	306.5103794103
112.176	204.3858875689	308.4041649619
112.875	206.3864027703	310.3097562946
113.579	208.4032003012	312.2272270052
114.287	210.436363282	314.1566511494
114.999	212.4859748209	316.0981032442
115.716	214.5521178031	318.0516582715
116.438	216.6348739143	320.0173916804
117.163	218.7343251934	321.9953793905
117.894	220.8505525355	323.9856977946
118.629	222.9836399093	325.9884237616
119.368	225.1336669728	328.0036346399
120.112	227.3007154693	330.0314082599
120.861	229.4848675547	332.0718229372
121.615	231.6862033429	334.1249574756
122.373	233.9048025082	336.1908911702
123.136	236.1407467995	338.2697038104
123.903	238.3941154541	340.361475683
124.676	240.6649888074	342.4662875754
125.453	242.9534462812	344.5842207785
126.235	245.2595672286	346.71535709
127.022	247.5834307549	348.8597788176
127.814	249.9251157177	351.0175687819
128.611	252.2847007478	353.1888103201
129.412	254.6622641884	355.3735872887
130.219	257.0578841072	357.5719840669
131.031	259.4716383677	359.7840855602
131.848	261.9036045053	362.0099772032
132.670	264.3538599046	364.249744963
133.497	266.8224815766	366.5034753428
134.329	269.3095463237	368.7712553851
135.166	271.8151306964	371.0531726749
136.009	274.3393109326	373.349315343
136.857	276.8821630682	375.6597720701
137.710	279.4437628438	377.9846320893
138.568	282.0241857888	380.3239851902
139.432	284.623507503	382.677921722
140.301	287.2418026851	385.0465325973
141.176	289.8791459034	387.4299092953
142.056	292.5356119631	389.8281438655
142.942	295.2112741677	392.2413289313
143.833	297.9062080343	394.6695576935
144.730	300.6204865139	397.1129239339
145.632	303.3541835443	399.5715220188
146.540	306.1073720997	402.045446903
147.453	308.8801252929	404.5347941331
148.372	311.6725160057	407.0396598513
149.297	314.4846169834	409.5601407994
150.228	317.3165014033	412.0963343219
151.165	320.1682408232	414.6483383705
152.107	323.0399075563	417.2162515073
153.055	325.9315731902	419.8001729088
154.009	328.8433090986	422.4002023701
154.969	331.7751873068	425.0164403079
155.935	334.7272793076	427.6489877654
156.908	337.6996562076	430.2979464154
157.886	340.6923888051	432.9634185646
158.870	343.7055482166	435.6455071575
159.860	346.7392051978	438.3443157802
160.857	349.7934309005	441.0599486648
161.860	352.8682961062	443.7925106931
162.869	355.9638707336	446.5421074006
163.884	359.0802255741	449.3088449807
164.906	362.2174297439	452.0928302891
165.934	365.3755539171	454.8941708473
166.968	368.5546682322	457.7129748472
168.009	371.7548428092	460.5493511552
169.056	374.9761485598	463.4034093164
170.110	378.2186572425	466.2752595587
171.171	381.4824384103	469.1650127973
172.238	384.7675604544	472.0727806385
173.311	388.0740930572	474.9986753848
174.392	391.4021059618	477.9428100385
175.479	394.7516701842	480.9052983065
176.573	398.1228577579	483.8862546044
177.674	401.5157380558	486.8857940611
178.781	404.9303819696	489.9040325234
179.896	408.3668591527	492.94108656
181.017	411.8252414591	495.9970734665
182.146	415.305600411	499.0721112696
183.281	418.8080048495	502.1663187318
184.424	422.3325271683	505.2798153559
185.573	425.8792384366	508.4127213898
186.730	429.4482127648	511.565157831
187.894	433.0395200211	514.7372464312
189.066	436.6532330361	517.9291097012
190.244	440.2894237193	521.1408709155
191.430	443.948163942	524.3726541169
192.624	447.629527177	527.6245841218
193.825	451.3335883425	530.8967865246
195.033	455.0604216609	534.1893877024
196.249	458.8101006616	537.5025148204
197.472	462.5826993294	540.8362958365
198.703	466.3782946634	544.1908595063
199.942	470.1969576975	547.5663353879
201.188	474.0387672064	550.9628538472
202.442	477.9038012766	554.3805460628
203.704	481.7921343534	557.819544031
204.974	485.7038454893	561.279980571
206.252	489.6390096548	564.7619893299
207.538	493.5977075382	568.2657047881
208.832	497.5800177546	571.7912622643
210.134	501.5860214779	575.3387979207
211.443	505.6157970918	578.9084487683
212.762	509.6694269362	582.5003526724
214.088	513.7469937992	586.1146483576
215.423	517.8485767336	589.7514754133
216.765	521.9742636346	593.4109742992
218.117	526.1241342863	597.0932863506
219.477	530.2982751823	600.7985537837
220.845	534.496774003	604.5269197014
222.221	538.7197135299	608.2785280989
223.607	542.9671816628	612.0535238687
225.001	547.2392664756	615.8520528067
226.403	551.5360570597	619.6742616178
227.815	555.8576431793	623.5202979213
229.235	560.204114379	627.3903102568
230.664	564.5755621708	631.2844480899
232.102	568.9720850909	635.202861818
233.549	573.3937726855	639.145702776
235.005	577.8407171531	643.1131232422
236.470	582.3130184197	647.1052764443
237.944	586.8107718012	651.1223165652
239.427	591.334073779	655.1643987488
240.920	595.8830261748	659.2316791064
242.422	600.4577271755	663.3243147224
243.933	605.0582806709	667.4424636603
245.454	609.6847831737	671.5862849692
246.984	614.3373474424	675.7559386896
248.524	619.016074453	679.9515858596
250.073	623.7210674676	684.1733885215
251.632	628.4524368845	688.4215097273
253.200	633.2102916786	692.6961135459
254.779	637.9947437449	696.9973650688
256.367	642.8059049246	701.3254304166
257.965	647.6438873975	705.6804767456
259.573	652.5088011941	710.0626722542
261.192	657.4007651929	714.4721861893
262.820	662.3198985927	718.9091888527
264.458	667.2663215985	723.3738516081
266.107	672.2401517533	727.8663468873
267.766	677.2415089588	732.3868481972
269.435	682.2705174083	736.9355301263
271.115	687.3273034246	741.5125683512
272.805	692.4119886028	746.118139644
274.505	697.5247074013	750.7524218788
276.217	702.6655875959	755.4155940382
277.939	707.8347680434	760.1078362209
279.671	713.0323721622	764.8293296483
281.415	718.2585326881	769.5802566713
283.169	723.5133810998	774.3608007779
284.934	728.7970629733	779.1711465997
286.711	734.1097148155	784.0114799193
288.498	739.4514815073	788.8819876776
290.296	744.8225073497	793.7828579808
292.106	750.2229361944	798.7142801078
293.927	755.6529063509	803.6764445173
295.759	761.1125744499	808.6695428556
297.603	766.6020893052	813.6937679633
299.458	772.1216033826	818.7493138836
301.325	777.671268822	823.836375869
303.204	783.2512405757	828.9551503895
305.094	788.8616743269	834.1058351397
306.996	794.5027347361	839.2886290466
308.910	800.1745790522	844.5037322773
310.835	805.8773738907	849.751346247
312.773	811.6112765749	855.0316736262
314.723	817.3764675536	860.3449183489
316.685	823.1730992043	865.6912856205
318.659	829.0013495106	871.0709819257
320.646	834.8614099052	876.4842150362
322.644	840.753429696	881.9311940191
324.656	846.6775861035	887.4121292447
326.680	852.6340791037	892.927232395
328.716	858.6230802441	898.4767164713
330.765	864.6447598178	904.0607958029
332.827	870.6993112131	909.6796860553
334.902	876.7869249833	915.3336042382
336.990	882.9077931657	921.0227687143
339.091	889.0621075455	926.7473992077
341.205	895.2500448191	932.5077168119
343.332	901.471807702	938.3039439989
345.472	907.7276014988	944.1363046277
347.626	914.0176212143	950.0050239525
349.793	920.3420647104	955.9103286321
351.973	926.7011512327	961.852446738
354.168	933.0950689024	967.8316077636
356.375	939.5240405265	973.8480426329
358.597	945.9882657263	979.9019837096
360.833	952.487950094	985.9936648057
363.082	959.0233154401	992.1233211911
365.345	965.5945817384	998.2911896021
367.623	972.2019748187	1004.4975082509
369.915	978.8457207928	1010.7425168347
372.221	985.5260253434	1017.026456545
374.541	992.2430917518	1023.3495700767
376.876	998.9971843414	1029.712101638
379.225	1005.7885299496	1036.1142969592
381.590	1012.6173442113	1042.5564033024
383.968	1019.4838757701	1049.0386694715
386.362	1026.3883474622	1055.561345821
388.771	1033.3310193226	1062.1246842665
391.194	1040.3120923002	1068.7289382937
393.633	1047.3318517822	1075.3743629686
396.087	1054.3905461406	1082.0612149474
398.556	1061.4883929682	1088.7897524863
401.040	1068.6256325349	1095.5602354512
403.541	1075.8025351014	1102.3729253283
406.056	1083.0193471897	1109.2280852336
408.588	1090.2763546175	1116.1259799237
411.135	1097.5738120703	1123.0668758053
413.698	1104.9119491133	1130.0510409461
416.277	1112.2910518459	1137.078745085
418.872	1119.7113657824	1144.1502596422
421.483	1127.1731650697	1151.2658577301
424.110	1134.6767313844	1158.4258141637
426.754	1142.2223432878	1165.6304054709
429.415	1149.8102527254	1172.8799099038
432.092	1157.4407417817	1180.1746074489
434.785	1165.1141096876	1187.5147798383
437.496	1172.8306298248	1194.9007105603
440.223	1180.5905476622	1202.3326848703
442.967	1188.3941982808	1209.8109898023
445.729	1196.2418463249	1217.3359141795
448.507	1204.1337898971	1224.9077486255
451.303	1212.0703242262	1232.5267855758
454.117	1220.0517278867	1240.1933192888
456.948	1228.0782953824	1247.9076458575
459.796	1236.1503513834	1255.6700632204
462.663	1244.2682115485	1263.4808711737
465.547	1252.4321476499	1271.3403713823
468.449	1260.6424741695	1279.2488673917
471.369	1268.8994987038	1287.2066646397
474.308	1277.2035156226	1295.2140704682
477.265	1285.5548605343	1303.2713941351
480.240	1293.9538490001	1311.378946826
483.234	1302.4008014822	1319.5370416668
486.246	1310.8960304003	1327.745993735
489.277	1319.439829174	1336.0061200725
492.328	1328.0326010522	1344.3177396976
495.397	1336.6745885003	1352.6811736173
498.485	1345.3661573241	1361.0967448399
501.593	1354.1076607125	1369.5647783871
504.719	1362.8994525767	1378.0856013069
507.866	1371.7417890508	1386.659542686
511.032	1380.6350709115	1395.2869336628
514.218	1389.5795991314	1403.9681074399
517.423	1398.5757323963	1412.7033992969
520.649	1407.6238147259	1421.4931466039
523.895	1416.7242089799	1430.3376888338
527.161	1425.8772772109	1439.2373675759
530.447	1435.0833971632	1448.192526549
533.754	1444.3428562254	1457.2035116145
537.081	1453.6560004444	1466.27067079
540.429	1463.0232392257	1475.3943542627
543.798	1472.4449010029	1484.5749144026
547.188	1481.921481463	1493.8127057765
550.599	1491.4531764176	1503.1080851616
554.032	1501.0404225817	1512.4614115592
557.486	1510.6835672628	1521.8730462086
560.961	1520.3830559546	1531.343352601
564.458	1530.1391840382	1540.8726964937
567.977	1539.9524292095	1550.461445924
571.517	1549.8230823144	1560.1099712235
575.080	1559.7515648353	1569.8186450327
578.665	1569.7382154882	1579.5878423147
582.273	1579.7835034419	1589.4179403706
585.903	1589.8878035043	1599.3093188531
589.555	1600.0514565779	1609.2623597819
593.230	1610.2749285748	1619.2774475582
596.928	1620.5585323347	1629.3549689795
600.650	1630.9027324543	1639.4953132546
604.394	1641.3079159295	1649.6988720185
608.162	1651.7745178596	1659.9660393477
611.953	1662.3028800841	1670.2972117755
615.768	1672.8935265215	1680.692788307
619.607	1683.5467538664	1691.1531704346
623.469	1694.2630811012	1701.678762154
627.356	1705.0427909223	1712.2699699789
631.267	1715.8864284323	1722.9272029574
635.202	1726.7943754355	1733.6508726876
639.162	1737.7670359414	1744.4413933336
643.146	1748.8048681591	1755.2991816412
647.156	1759.9082992214	1766.2246569541
651.190	1771.0777156883	1777.2182412305
655.250	1782.313596752	1788.2803590588
659.334	1793.6163130375	1799.4114376743
663.445	1804.9864097829	1810.6119069757
667.581	1816.4241300076	1821.8821995417
671.742	1827.9301626279	1833.2227506478
675.930	1839.5049298897	1844.6339982826
680.144	1851.1486570766	1856.1163831655
684.384	1862.8619240098	1867.6703487632
688.650	1874.6451864499	1879.2963413068
692.943	1886.4986856948	1890.9948098094
697.263	1898.4232302848	1902.7662060832
701.610	1910.4189139746	1914.6109847568
705.983	1922.4865100582	1926.5296032932
710.384	1934.6261777345	1938.522522007
714.813	1946.838501738	1950.5902040823
719.269	1959.1239193845	1962.7331155911
723.753	1971.482804437	1974.9517255104
728.265	1983.915673953	1987.246505741
732.805	1996.4229659455	1999.6179311255
737.373	2009.0050235001	2012.0664794667
741.970	2021.6623172414	2024.5926315458
746.595	2034.3955029601	2037.1968711415
751.249	2047.2045850926	2049.879685048
755.933	2060.0903666766	2062.6415630943
760.645	2073.0531229102	2075.4829981631
765.387	2086.0932788531	2088.4044862096
770.158	2099.2112358982	2101.4065262808
774.959	2112.4074212025	2114.4896205345
779.791	2125.6823036538	2127.6542742594
784.652	2139.0363701191	2140.9009958937
789.543	2152.4698243163	2154.2302970455
794.465	2165.9833082637	2167.642692512
799.418	2179.5771697085	2181.1387002998
804.401	2193.2517731053	2194.7188416447
809.416	2207.0078018064	2208.3836410317
814.462	2220.8453394454	2222.1336262157
819.539	2234.7652010634	2235.9693282414
824.648	2248.7677441413	2249.891281464
829.789	2262.8533832193	2263.90002357
834.962	2277.0227323121	2277.9960955977
840.167	2291.2762935741	2292.1800419583
845.405	2305.6146680704	2306.4524104566
850.675	2320.0383558186	2320.8137523127
855.978	2334.5478389393	2335.2646221828
861.314	2349.1438871399	2349.805578181
866.683	2363.8271344684	2364.4371819003
872.086	2378.598273999	2379.1599984349
877.523	2393.4579456243	2393.9745964018
882.993	2408.4068056399	2408.8815479628
888.498	2423.445695983	2423.8814288461
894.037	2438.5751717201	2438.9748183695
899.610	2453.7960601521	2454.162299462
905.218	2469.1090426902	2469.4444586865
910.861	2484.5148747605	2484.8218862625
916.540	2500.0142780604	2500.2951760892
922.253	2515.6080297005	2515.8649257677
928.002	2531.2968469524	2531.5317366249
933.788	2547.0814882416	2547.2962137362
939.609	2562.9627229052	2563.1589659489
945.466	2578.9412249923	2579.120605906
951.360	2595.0177912858	2595.1817500696
957.291	2611.1931337309	2611.3430187448
963.259	2627.4679909625	2627.6050361038
969.264	2643.8430945164	2643.9684302097
975.306	2660.3191753899	2660.4338330409
981.386	2676.8969483394	2677.0018805156
987.504	2693.5771393002	2693.6732125163
993.660	2710.3604703181	2710.4484729146
999.854	2727.2476576263	2727.3283095957
1006.087	2744.2394244507	2744.313374484
1012.359	2761.3364743231	2761.4043235676
1018.670	2778.539521567	2778.6018169244
1025.021	2795.8492924999	2795.9065187469
1031.411	2813.2664844875	2813.3190973683
1037.840	2830.7918163743	2830.8402252881
1044.310	2848.4260103568	2848.4705791983
1050.820	2866.1697681243	2866.210840009
1057.371	2884.0238174532	2884.0616928755
1063.963	2901.9888656796	2902.023827224
1070.596	2920.0656400078	2920.0979367787
1077.270	2938.2548573686	2938.2847195884
1083.985	2956.5572398704	2956.5848780536
1090.743	2974.9735165422	2974.9991189535
1097.542	2993.5044145556	2993.5281534732
1104.384	3012.1506647282	3012.1726972315
1111.269	3030.9130013681	3030.9334703081
1118.197	3049.7921619181	3049.8111972719
1125.168	3068.7888871091	3068.8066072086
1132.182	3087.9039211307	3087.920433749
1139.240	3107.138011749	3107.1534150974
1146.342	3126.49191046	3126.5062940598
1153.488	3145.9663725629	3145.9798180731
1160.679	3165.5621572819	3165.5747392337
1167.914	3185.2800278992	3185.2918143262
1175.195	3205.1207521593	3205.1318048532
1182.521	3225.0851009451	3225.0954770647
1189.893	3245.1738504653	3245.1836019869
1197.311	3265.3877812501	3265.3969554532
1204.775	3285.7276774714	3285.7363181329
1212.285	3306.1943287165	3306.2024755625
1219.843	3326.7885284073	3326.7962181751
1227.447	3347.5110752074	3347.5183413315
1235.099	3368.3627720125	3368.3696453507
1242.799	3389.3444265872	3389.350935541
1250.546	3410.4568516798	3410.4630222307
1258.342	3431.7008646508	3431.7067207999
1266.186	3453.077287856	3453.0828517116
1274.080	3474.5869485923	3474.5922405435
1282.022	3496.2306791508	3496.2357180201
1290.014	3518.0093168585	3518.0141200445
1298.056	3539.9237041393	3539.9282877307
1306.148	3561.9746885275	3561.9790674363
1314.291	3584.1631227427	3584.1673107949
1322.484	3606.4898647143	3606.4938747494
1330.728	3628.9557776296	3628.9596215846
1339.024	3651.5617299531	3651.5654189609
1347.371	3674.3085955377	3674.3121399476
1355.771	3697.197253573	3697.2006630567
1364.223	3720.2285886474	3720.2318722768
1372.727	3743.4034908898	3743.4066571071
1381.285	3766.7228558187	3766.7259125923
1389.896	3790.1875846081	3790.1905393563
1398.560	3813.7985838758	3813.8014436378
1407.279	3837.5567659644	3837.5595373248
1416.052	3861.4630488307	3861.4657379899
1424.879	3885.5183561568	3885.520968926
1433.762	3909.7236172598	3909.7261591817
1442.700	3934.0797673335	3934.0822435971
1451.694	3958.5877473469	3958.5901628403
1460.743	3983.2485041215	3983.2508634433
1469.850	4008.0629903712	4008.0652978388
1479.013	4033.0321647102	4033.034424397
1488.233	4058.1569918187	4058.1592074625
1497.510	4083.438442303	4083.4406173914
1506.846	4108.8774928509	4108.8796305893
1516.239	4134.4751262114	4134.4772295484
1525.692	4160.2323313465	4160.2344028858
1535.203	4186.1501032809	4186.1521453816
1544.773	4212.2294433049	4212.2314580174
1554.403	4238.4713586741	4238.4733480148
1564.093	4264.8768632986	4264.8788288743
1573.844	4291.4469778491	4291.4489204146
1583.655	4318.1827280665	4318.184648812
1593.527	4345.0851467295	4345.0870466397
1603.461	4372.1552730164	4372.1571529082
1613.457	4399.3941526441	4399.396013105
1623.515	4426.8028372772	4426.8046792352
1633.636	4454.3823866425	4454.3842098618
1643.820	4482.1338638451	4482.1356701472
1654.068	4510.0583406213	4510.0601318938
1664.379	4538.1568889584	4538.1586735856
1674.755	4566.4306119436	4566.4323804297
1685.195	4594.880597758	4594.8823443986
1695.701	4623.5079421492	4623.5096642719
1706.272	4652.3137520755	4652.3154456789
1716.909	4681.2991315508	4681.3008011417
1727.612	4710.4652001864	4710.4668501173
1738.382	4739.8130854696	4739.8147190418
1749.219	4769.3439217693	4769.3455413732
1760.123	4799.0588494843	4799.0604576356
1771.096	4828.9590183019	4828.9606154628
1782.137	4859.0455836142	4859.0471696433
1793.246	4889.3197074831	4889.3212821642
1804.425	4919.7825591958	4919.7841222565
1815.674	4950.4353153114	4950.4368664401
1826.993	4981.2791593372	4981.2806985692
1838.382	5012.3152830371	5012.3168098784
1849.843	5043.5448851442	5043.5463990279
1861.375	5074.9691716656	5074.9706721509
1872.978	5106.5893561386	5106.5908428991
1884.654	5138.4066596776	5138.4081324902
1896.403	5170.4223110131	5170.4237697551
1908.225	5202.6375465674	5202.638991185
1920.121	5235.0536104677	5235.0550409792
1932.091	5267.6717546078	5267.6731710937
1944.136	5300.4932386966	5300.4946412887
1956.255	5333.5193303692	5333.520719178
1968.451	5366.7513050897	5366.7526802775
1980.722	5400.190446169	5400.1918080547
1993.070	5433.838045104	5433.8393939781
2005.494	5467.6954014413	5467.6967375672
2017.996	5501.7638228274	5501.7651464428
2030.576	5536.0446250985	5536.045936377
2043.235	5570.5391321843	5570.5404313446
2055.972	5605.2486763432	5605.2499635741
2068.789	5640.1745981388	5640.1758735989
2081.686	5675.3182464869	5675.3195103093
2094.663	5710.680978678	5710.6822310044
2107.721	5746.2641605338	5746.2654014448
2120.861	5782.0691663479	5782.0703959051
2134.082	5818.0973789597	5818.0985972272
2147.386	5854.3501898288	5854.3513968734
2160.773	5890.8289990743	5890.8301949804
2174.243	5927.5352155777	5927.5364004134
2187.797	5964.470256988	5964.4714308203
2201.435	6001.6355497804	6001.6367126864
2215.159	6039.0325293242	6039.03368139
2228.968	6076.6626399385	6076.6637812573
2242.864	6114.5273349661	6114.5284656183
2256.846	6152.628076771	6152.6291968631
2270.915	6190.9663368453	6190.9674464983
2285.071	6229.5435958733	6229.5446952037
2299.316	6268.3613437701	6268.3624328897
2313.650	6307.4210797382	6307.4221587547
2328.074	6346.7243123406	6346.725381343
2342.587	6386.2725595084	6386.2736186033
2357.190	6426.0673486546	6426.0683979469
2371.885	6466.1102167199	6466.1112563069
2386.671	6506.4027102249	6506.4037401979
2401.550	6546.946385326	6546.9474057749
2416.521	6587.7428078715	6587.7438188944
2431.585	6628.7935535136	6628.7945551742
2446.744	6670.1002076877	6670.1012000542
2461.996	6711.6643657133	6711.6653488583
2477.344	6753.4876328555	6753.4886068553
2492.788	6795.5716243833	6795.5725893211
2508.328	6837.9179656454	6837.9189216015
2523.965	6880.5282921186	6880.5292391744
2539.699	6923.4042494734	6923.4051877132
2555.532	6966.5474936402	6966.5484231505
2571.463	7009.9596908814	7009.9606117416
2587.493	7053.642517832	7053.6434301297
2603.623	7097.5976615775	7097.5985654096
2619.854	7141.8268197354	7141.8277151936
2636.186	7186.3317005056	7186.332587677
2652.620	7231.1140227351	7231.1149017036
2669.156	7276.1755159875	7276.1763868326
2685.796	7321.5179206091	7321.5187834052
2702.539	7367.142987792	7367.1438426117
2719.387	7413.0524796451	7413.0533265595
2736.339	7459.2481692602	7459.2490083405
2753.397	7505.7318407851	7505.7326721004
2770.562	7552.5052894903	7552.5061131068
2787.833	7599.5703218348	7599.5711378194
2805.213	7646.9287555394	7646.9295639588
2822.700	7694.5824196561	7694.5832205775
2840.297	7742.5331546394	7742.5339481302
2858.003	7790.7828124174	7790.7835985448
2875.820	7839.3332564632	7839.3340352941
2893.748	7888.1863618664	7888.1871334679
2911.787	7937.344015406	7937.3447798448
2929.939	7986.8081156234	7986.808872966
2948.204	8036.580572896	8036.5813232077
2966.583	8086.6633095081	8086.6640528556
2985.077	8137.0582597296	8137.0589961788
3003.686	8187.7673698884	8187.7680995044
3022.410	8238.7925984458	8238.793321293
3041.252	8290.1359160723	8290.136632214
3060.211	8341.7993057229	8341.800015222
3079.288	8393.7847627145	8393.7854656333
3098.484	8446.0942948027	8446.0949912027
3117.800	8498.7299222596	8498.7306122014
3137.236	8551.6936779511	8551.694361495
3156.794	8604.9876074165	8604.9882846218
3176.473	8658.6137689467	8658.6144398717
3196.275	8712.5742336636	8712.5748983662
3216.201	8766.8710856003	8766.871744138
3236.250	8821.5064217817	8821.5070742115
3256.425	8876.4823523056	8876.4829986839
3276.725	8931.801000424	8931.8016408067
3297.152	8987.4645026252	8987.4651370676
3317.707	9043.4750087159	9043.475637273
3338.389	9099.8346819052	9099.8353046314
3359.200	9156.5456988869	9156.5463158363
3380.142	9213.6102499245	9213.6108611509
3401.213	9271.0305389358	9271.0311444922
3422.416	9328.8087835773	9328.8093835165
3443.751	9386.9472153307	9386.9478097047
3465.220	9445.4480795882	9445.4486684488
3486.822	9504.31363574	9504.3142191384
3508.558	9563.5461572612	9563.5467352482
3530.431	9623.1479317996	9623.1485044254
3552.439	9683.1212612642	9683.1218285784
3574.585	9743.4684619138	9743.4690239658
3596.869	9804.1918644468	9804.1924212853
3619.292	9865.293814091	9865.2943657643
3641.854	9926.7766706943	9926.7772172503
3664.557	9988.6428088157	9988.6433503019
3687.402	10050.8946178172	10050.8951542805
3710.389	10113.5345019558	10113.5350334428
3733.519	10176.5648804768	10176.5654070336
3756.794	10239.9881877067	10239.988709379
3780.214	10303.8068731477	10303.8073899808
3803.779	10368.0234015718	10368.0239136107
3827.492	10432.6402531167	10432.6407604058
3851.352	10497.6599233808	10497.6604259642
3875.362	10563.0849235202	10563.0854214415
3899.520	10628.9177803452	10628.9182736477
3923.830	10695.1610364184	10695.1615251449
3948.291	10761.8172501525	10761.8177343454
3972.904	10828.8889959091	10828.8894756105
3997.671	10896.3788640984	10896.37933935
4022.593	10964.2894612792	10964.2899321222
4047.669	11032.6234102592	11032.6238767346
4072.902	11101.3833501969	11101.3838123451
4098.293	11170.5719367028	11170.572394564
4123.841	11240.1918419428	11240.1922955567
4149.549	11310.2457547407	11310.2462041467
4175.417	11380.7363806822	11380.7368259194
4201.447	11451.6664422199	11451.6668833269
4227.638	11523.0386787776	11523.0391157927
4253.993	11594.855846857	11594.8562798182
4280.512	11667.1207201433	11667.1211490882
4307.197	11739.836089613	11739.8365145788
4334.048	11813.0047636414	11813.0051846649
4361.066	11886.6295681108	11886.6299852288
4388.253	11960.7133465204	11960.713759769
4415.609	12035.2589600954	12035.2593695104
4443.136	12110.2692878976	12110.2696935147
4470.834	12185.747226937	12185.7476287914
4498.705	12261.6956922834	12261.69609041
4526.750	12338.117617179	12338.1180116123
4554.969	12415.0159531516	12415.0163439259
4583.365	12492.3936701287	12492.394057278
4611.937	12570.2537565525	12570.2541401103
4640.688	12648.5992194946	12648.5995994943
4669.618	12727.4330847728	12727.4334612474
4698.728	12806.7583970677	12806.75877005
4728.020	12886.5782200403	12886.5785895625
4757.494	12966.8956364503	12966.8960025446
4787.152	13047.7137482752	13047.7141109733
4816.995	13129.0356768301	13129.0360361636
4847.024	13210.8645628882	13210.8649188883
4877.240	13293.2035668023	13293.2039194999
4907.644	13376.0558686265	13376.0562180522
4938.239	13459.4246682393	13459.4250144235
4969.023	13543.3131854672	13543.31352844
